Vessel	Condition	Label	Time	HeatMapLabel	Pyruvate	Glucose	Trehalose	Acetate	Lactate	Succinate	Formate	Butyrate	Blautia hydrogenotrophica	Bacteroides thetaiotaomicron	Roseburia intestinalis
A6_C2_V7	control	E1_C10	72	Bt_Ri_State	0	0.064781726	0.480411441	5.012382234	2.198027569	2.22621243	0.96619359	12.84248877	0.371130128	6.460413339	4.672917769
A6_C2_V7	control	E1_C11	80	Bt_Ri_State	0	0.058459069	0.139877789	6.251961924	1.703302131	1.991349771	0.934059166	12.37869438	2.366263439	5.794480192	4.607202037
A6_C2_V7	control	E1_C12	88	Bt_Ri_State	0	0.053918213	0	8.275535161	1.27518615	1.854411281	1.068092273	12.96180851	1.743214202	2.715923636	2.368371583
A6_C2_V8	control	E1_C10	72	Bt_Ri_State	0	0.065338363	0	8.814435477	0.541802371	2.315928292	1.434333738	14.97800342	3.057437098	10.89351888	5.572012668
A6_C2_V8	control	E1_C11	80	Bt_Ri_State	0	0.062012058	0	8.423184417	0.407547428	2.015878407	1.591314272	14.73415587	2.312792578	8.169930098	4.979735556
A6_C2_V8	control	E1_C12	88	Bt_Ri_State	0	0.061085317	0.098198849	6.051318258	0.3381024	1.936679082	1.470841275	15.4047295	0.969948892	8.476069065	5.625928882
A6_C2_V9	control	E1_C10	72	Bt_Ri_State	0	0.042603418	0	4.761513675	0.300747515	1.252144808	0.691592273	8.532893704	2.52891098	7.370298071	6.366408674
A6_C2_V9	control	E1_C11	80	Bt_Ri_State	0	0.064044588	0	8.315443959	0.384618214	1.927114267	1.266098041	15.06039449	2.469008049	7.507469798	4.998968856
A6_C2_V9	control	E1_C12	88	Bt_Ri_State	0	0.05942455	0.121099943	6.293851	0.357125397	1.794886951	1.406046272	15.33666451	1.142884817	8.015957649	5.327465333
A6_C2_V10	control	E1_C10	72	Bt_Ri_State	0	0.06258716	0	9.262464042	0.459326687	2.34032797	1.481529107	15.20978669	4.135572164	9.490409382	5.204383766
A6_C2_V10	control	E1_C11	80	Bt_Ri_State	0	0.059931915	0	8.012023442	0.360378579	2.028424362	1.527442505	14.78557875	2.486271672	8.07014062	6.716414563
A6_C2_V10	control	E1_C12	88	Bt_Ri_State	0	0.062391597	0.085438682	5.73710571	0.306303741	1.963822715	1.402931974	15.38886185	1.280443116	9.848007237	6.889509721
A6_C2_V11	control	E1_C10	72	Bt_Ri_State	0	0.062376915	0	9.027164095	0.415946113	2.313469585	1.24701664	15.31594433	3.423342049	10.46436228	5.721725355
A6_C2_V11	control	E1_C11	80	Bt_Ri_State	0	0.061721245	0.075728581	6.366734279	0.304207297	2.026912979	1.502325704	15.11437041	0.981256026	9.662425528	5.886682149
A6_C2_V11	control	E1_C12	88	Bt_Ri_State	0	0.061724895	0.197053533	4.791203957	0.279535871	1.960586326	1.522301844	15.02277312	0.415067122	6.320683296	4.05767179
A6_C2_V12	control	E1_C10	72	Bt_Ri_State	0	0.063212123	0	9.726369263	0.421185204	2.44419086	1.401834924	16.02374612	3.799166604	8.603848732	6.936137503
A6_C2_V12	control	E1_C11	80	Bt_Ri_State	0	0.06099548	0	7.457101059	0.330563811	2.119587677	1.435707173	15.33960341	0.750566314	5.531929441	3.345961455
A6_C2_V12	control	E1_C12	88	Bt_Ri_State	0	0.062862379	0.156133728	5.378087722	0.295259426	2.028739613	1.637862265	15.81740234	0.866288559	10.70741999	6.821730525
A6_C2_V12	pHDilution_perturbation	E1_P25	288	Bt_Ri_State	0	0.035180571	0.387128814	4.353191097	2.74000057	4.983394019	1.497761489	13.72993806	0	11.74257416	4.299247018
A6_C2_V12	pHDilution_perturbation	E1_P26	296	Bt_Ri_State	0	0.040482501	0.245492646	2.763621138	1.438687162	2.937587496	0.851930959	7.497727446	0	12.36378422	4.768846994
A6_C2_V12	pHDilution_perturbation	E1_P27	308	Bt_Ri_State	0	0.024039393	0.387519555	4.343083074	2.485808904	5.441880253	1.414685843	12.17047831	0	14.23789959	3.481537498
A7_C1_V1	control	E2_C17	96	Bh_Bt_Ri_State	0	0.026483191	0.029735162	20.46022689	2.043164239	2.830355645	1.137578892	16.03833127	4.645483424	13.87857551	9.697468179
A7_C1_V1	control	E2_C19	108	Bh_Bt_Ri_State	0	0.024753464	0.017454953	17.22076936	1.397964813	2.213011784	0.913200126	15.24758628	8.92606631	12.03808638	8.892026227
A7_C1_V2	control	E2_C17	96	Bh_Bt_Ri_State	0	0.025905782	0.024675068	18.46409819	2.008035211	2.35128636	0.949647211	16.1072828	9.068821408	12.01369455	9.757693303
A7_C1_V2	control	E2_C19	108	Bh_Bt_Ri_State	0	0.024336789	0.022306884	16.29985641	1.440417327	1.827195707	0.861402878	14.84988812	6.341165916	12.26120467	12.03705634
A7_C1_V3	control	E2_C17	96	Bh_Bt_Ri_State	0	0.02403219	0.026133052	17.14594168	1.751637691	2.444231228	1.025821634	15.98331999	5.010947031	9.989074761	7.287619318
A7_C1_V3	control	E2_C19	108	Bh_Bt_Ri_State	0	0.024507797	0.021865614	16.41966412	1.144276505	1.846140771	0.892074865	14.52903947	8.925850053	11.6737	8.411391836
A7_C1_V4	control	E2_C17	96	Bh_Bt_Ri_State	0	0.024430621	0.020957999	16.08934245	1.623490293	2.375538229	0.983933826	15.80125357	7.737676903	14.42659066	10.01101329
A7_C1_V4	control	E2_C19	108	Bh_Bt_Ri_State	0	0.023120917	0.022805435	16.22924758	1.1798049	1.874470641	0.878528584	14.86878837	11.51387847	15.20342223	10.45494183
A7_C1_V5	control	E2_C17	96	Bh_Bt_Ri_State	0	0.026041937	0.022868203	17.09678107	1.550787846	2.296558652	1.020149578	15.48028274	6.900621609	14.49622269	7.426045028
A7_C1_V5	control	E2_C19	108	Bh_Bt_Ri_State	0	0.023346287	0.019212871	15.05542743	1.086491041	1.709071908	0.924871437	15.34757214	7.145670472	13.09771958	9.530236911
A7_C1_V6	control	E2_C17	96	Bh_Bt_Ri_State	0	0.026019901	0.018384648	14.73186549	1.164012863	2.030166332	1.08261868	17.03422666	3.701719613	11.79630269	9.908347593
A7_C1_V6	control	E2_C19	108	Bh_Bt_Ri_State	0	0.024545382	0.01763924	15.11070682	1.131324881	1.753396646	0.909894413	15.2517893	8.304807957	11.69230723	7.789032521
A7_C1_V7	control	E2_C17	96	Bh_Bt_Ri_State	0	0.024590115	0.015244513	17.87315677	1.484928008	2.43732712	0.962772943	15.97248493	8.683313355	14.34708136	12.80762214
A7_C1_V7	control	E2_C19	108	Bh_Bt_Ri_State	0	0.02349018	0.023694177	15.30057041	1.080778049	1.934013663	0.936860934	15.20821205	5.574488535	12.88606981	8.38629775
A7_C1_V8	control	E2_C17	96	Bh_Bt_Ri_State	0	0.024685038	0.019725043	16.34424331	1.85978218	2.400512018	0.999768815	15.59525339	5.280493191	13.95852077	9.969537776
A7_C1_V8	control	E2_C19	108	Bh_Bt_Ri_State	0	0.022407697	0.019199108	15.48834562	1.258940444	1.876075327	0.900505629	14.69900303	5.537167418	15.86203799	7.911011653
A7_C1_V9	control	E2_C17	96	Bh_Bt_Ri_State	0	0.022097371	0.020358254	16.81463848	1.556653598	2.388930508	1.007585101	15.76570202	6.42467098	13.23090348	8.896227124
A7_C1_V9	control	E2_C19	108	Bh_Bt_Ri_State	0	0.021476074	0.015909012	14.3950443	1.281823541	2.229897114	0.911181935	14.79924246	3.847801913	14.21499536	9.630305629
A7_C1_V10	control	E2_C17	96	Bh_Bt_Ri_State	0	0.029036512	0.01847916	20.12520995	1.837999646	2.384510396	0.907313395	14.11239787	10.0136175	10.67123993	7.007044233
A7_C1_V10	control	E2_C19	108	Bh_Bt_Ri_State	0	0.026126325	0.023028521	17.26008408	1.248342476	2.23003534	0.864682189	13.73644607	7.789861775	11.23503484	11.01179738
A7_C1_V11	control	E2_C17	96	Bh_Bt_Ri_State	0	0.028173016	0.016235887	20.04454285	3.958426534	2.532815987	0.732843602	12.47624295	8.617452189	11.11300729	4.723913834
A7_C1_V11	control	E2_C19	108	Bh_Bt_Ri_State	0	0.024116303	0.025562857	16.65920684	2.784635995	2.169815636	0.75396001	13.3619458	4.884093274	13.23795931	10.50827705
A7_C1_V12	control	E2_C17	96	Bh_Bt_Ri_State	0	0.027707278	0.02206252	19.54337781	2.052658185	2.647897699	1.02436166	15.00668774	5.375106503	14.59538667	10.61768458
A7_C1_V12	control	E2_C19	108	Bh_Bt_Ri_State	0	0.023337276	0.016006497	16.08139456	1.432075019	2.369851144	0.852973057	14.41621948	9.929763582	12.81312897	11.49137554
A7_C2_V7	control	E2_C17	96	Bh_Bt_Ri_State	0	0	0	17.58729279	1.709191863	1.830287272	0.509645126	13.26537013	5.694894245	13.50402351	8.417705635
A7_C2_V7	control	E2_C18	102	Bh_Bt_Ri_State	0	0	0	16.94535398	1.713073581	1.66793471	0.497205797	12.85806612	9.218419638	12.50235407	9.13224499
A7_C2_V7	control	E2_C19	108	Bh_Bt_Ri_State	0	0	0	16.84336111	1.497260061	1.574490497	0.477687398	12.96529403	15.57692687	8.410770193	12.19853298
A7_C2_V8	control	E2_C17	96	Bh_Bt_Ri_State	0	0	0	17.53866791	1.856936463	1.628393557	0.524599991	14.52260495	6.67833727	14.59001263	9.468458016
A7_C2_V8	control	E2_C18	102	Bh_Bt_Ri_State	0	0	0	16.98681926	1.657504346	1.511781456	0.487900881	12.85615615	9.477715722	10.54881982	8.409204199
A7_C2_V8	control	E2_C19	108	Bh_Bt_Ri_State	0	0	0	16.90305641	1.361533924	1.369234419	0.46867914	12.85776754	10.81522569	9.127128706	10.48974038
A7_C2_V9	control	E2_C17	96	Bh_Bt_Ri_State	0	0	0	17.60204251	1.360629239	1.518568386	0.462449862	14.05833651	12.2112973	11.11708274	7.454265241
A7_C2_V9	control	E2_C18	102	Bh_Bt_Ri_State	0	0	0	17.53053059	1.368618182	1.334237312	0.484185725	13.38686716	9.783836833	9.062824736	6.429643959
A7_C2_V9	control	E2_C19	108	Bh_Bt_Ri_State	0	0	0	16.78640567	1.200963251	1.178475099	0.442885417	17.33007126	10.02702342	10.19462924	7.754730963
A7_C2_V10	control	E2_C17	96	Bh_Bt_Ri_State	0	0	0	23.65722422	2.592996596	1.529721707	0.328382233	10.81216897	6.796125788	9.26064636	6.267754595
A7_C2_V10	control	E2_C18	102	Bh_Bt_Ri_State	0	0	0	23.24114603	2.35989134	1.34075737	0.372689084	10.18652583	6.436661141	10.01231813	6.716487074
A7_C2_V10	control	E2_C19	108	Bh_Bt_Ri_State	0	0	0	22.321515	1.951142325	1.133864641	0.285972381	11.3772749	7.887813581	10.28379143	6.992263475
A7_C2_V11	control	E2_C17	96	Bh_Bt_Ri_State	0	0	0	25.77388195	1.97688924	1.618865185	0.507338136	9.413873559	18.40821031	5.473012742	4.297954049
A7_C2_V11	control	E2_C18	102	Bh_Bt_Ri_State	0	0	0	27.54242613	1.531515648	1.515564155	0.54267586	8.067433723	23.64454511	11.5633287	4.65650851
A7_C2_V11	control	E2_C19	108	Bh_Bt_Ri_State	0	0	0	27.36136377	1.373013288	1.269213367	0.456941981	7.692954584	20.33989872	11.90717108	3.378413212
A7_C2_V12	control	E2_C17	96	Bh_Bt_Ri_State	0	0	0	24.89742669	0	1.725366476	1.033049216	12.62545234	6.928172562	14.09714137	1.495002006
A7_C2_V12	control	E2_C18	102	Bh_Bt_Ri_State	0	0	0	25.3375265	0	1.54648389	0.99723243	10.70366408	7.898040249	13.6548312	0.899159876
A7_C2_V12	control	E2_C19	108	Bh_Bt_Ri_State	0	0	0	23.43804487	0	1.295789486	0.819524185	14.1246863	8.867907936	13.21252104	0.303317747
A7_C2_V7	Dilution_perturbation	E2_P23	246	Bh_Bt_State	0	0	0	19.7391631	0	0.825857141	0.69289415	11.03002947	5.894439134	8.925014407	0.845134231
A7_C2_V7	Dilution_perturbation	E2_P24	252	Bh_Bt_State	0	0	0	20.30104898	0	0.85961225	0.721639619	11.02745438	7.076201297	10.2478823	0.715779272
A7_C2_V7	Dilution_perturbation	E2_P25	258	Bh_Bt_State	0	0	0	20.40801455	0	0.847577184	0.672172097	10.04084973	7.076201297	10.2478823	0.715779272
A7_C2_V8	Dilution_perturbation	E2_P23	246	Bh_Bt_State	0	0	0	20.3847793	0	0.786572101	0.670068151	10.71381563	6.514909011	10.55008985	0.45826847
A7_C2_V8	Dilution_perturbation	E2_P24	252	Bh_Bt_State	0	0	0	20.33366519	0	0.81198099	0.703765329	11.63555785	5.836636248	9.042479718	0.445765076
A7_C2_V8	Dilution_perturbation	E2_P25	258	Bh_Bt_State	0	0	0	20.83579837	0	0.78664357	0.706508321	9.566914812	7.967928476	9.854724403	0.425115107
A7_C2_V9	Dilution_perturbation	E2_P23	246	Bh_Bt_State	0	0	0	23.83717112	0	0.816001579	0.696270636	10.59618261	11.77002421	11.80323768	0.249101042
A7_C2_V9	Dilution_perturbation	E2_P24	252	Bh_Bt_State	0	0	0	23.49858395	0	0.829861944	0.709629325	11.008386	9.494033438	10.4312957	0.255288771
A7_C2_V9	Dilution_perturbation	E2_P25	258	Bh_Bt_State	0	0	0	21.7204139	0	0.741617725	0.667203311	8.611403299	7.218042663	9.059353725	0.261476501
A7_C2_V10	Dilution_perturbation	E2_P23	246	Bh_Bt_State	0	0	0	21.47160693	0	0.921252312	0.677410928	10.53860174	5.801464789	14.4904099	0.452779295
A7_C2_V10	Dilution_perturbation	E2_P24	252	Bh_Bt_State	0	0	0	21.36746541	0	0.909013126	0.680015885	11.40161657	0	19.81597	0
A7_C2_V10	Dilution_perturbation	E2_P25	258	Bh_Bt_State	0	0	0	20.88825753	0	0.872056341	0.691722189	8.80122715	0	16.08704	0
A7_C2_V11	Dilution_perturbation	E2_P23	246	Bh_Bt_State	0	0	0	22.98298298	0	0.721079363	0.72799064	10.07000259	9.927630345	9.625771483	0.301761988
A7_C2_V11	Dilution_perturbation	E2_P24	252	Bh_Bt_State	0	0	0	23.16756583	0	0.729395896	0.752193478	9.958554202	9.683401049	12.58097259	0.326918241
A7_C2_V11	Dilution_perturbation	E2_P25	258	Bh_Bt_State	0	0	0	23.54190705	0	0.741902268	0.734247577	8.353366555	10.27342672	10.1078602	0.336179798
A7_C2_V12	Dilution_perturbation	E2_P23	246	Bh_Bt_State	0	0	0	24.65646047	0	0.848514926	0.766458011	9.885918725	9.397307003	14.70918325	0.176858474
A7_C2_V12	Dilution_perturbation	E2_P24	252	Bh_Bt_State	0	0	0	24.60961688	0	0.846434379	0.767152691	10.18207017	10.02183422	14.06164337	0.063978878
A7_C2_V12	Dilution_perturbation	E2_P25	258	Bh_Bt_State	0	0	0	24.59393156	0	0.808354189	0.743588952	7.625320008	10.02183422	14.06164337	0.063978878
A6_C2_V7	pHDilution_perturbation	E1_P25	288	Bh_State	3.101136309	1.904952255	0.565405001	11.33948658	3.400949952	9.735170406	1.852748944	0.077960031	0	5.48586459	0.001025293
A6_C2_V7	pHDilution_perturbation	E1_P26	296	Bh_State	3.06440991	1.715413519	0.512756455	10.38805727	3.338944854	8.687024599	1.669220235	0.059614563	0.002520565	4.992835134	0.001344301
A6_C2_V7	pHDilution_perturbation	E1_P27	308	Bh_State	2.260441012	0.998808963	0.511260313	11.22479602	3.710781526	9.392857717	1.652290083	0.066213676	0	7.028772278	0.001427722
A6_C2_V8	pHDilution_perturbation	E1_P25	288	Bh_State	1.753751224	1.046597368	0.53317946	11.39249295	5.541005977	9.897733135	1.716821903	0.359799271	0	5.438392637	0.00208876
A6_C2_V8	pHDilution_perturbation	E1_P26	296	Bh_State	1.952315553	1.031655668	0.494187629	10.81161076	4.877986668	9.15610685	1.629588866	0.26207721	0	5.942022734	0.001968079
A6_C2_V8	pHDilution_perturbation	E1_P27	308	Bh_State	1.27527059	0.560434343	0.501442277	11.84356368	5.252328143	9.860717919	1.636674274	0.248797687	0	7.924811374	0.001702463
A6_C2_V9	pHDilution_perturbation	E1_P25	288	Bh_State	2.103050698	1.081359332	0.544708589	11.78348189	4.510409521	10.56028497	1.954445106	0.242410135	0	5.126683531	0.002037957
A6_C2_V9	pHDilution_perturbation	E1_P26	296	Bh_State	2.223861003	1.034712737	0.512008567	11.22473575	4.414363276	9.7570209	1.822485823	0.172296338	0	5.89851402	0.001095889
A6_C2_V9	pHDilution_perturbation	E1_P27	308	Bh_State	1.417354217	0.559475991	0.504937478	12.00002469	4.746717779	10.17443528	1.78409944	0.163477898	0	7.49386083	0.001648017
A6_C2_V11	pHDilution_perturbation	E1_P25	288	Bh_State	0.969081106	0.571839702	0.506538074	11.92049313	4.916233614	10.69642065	1.694751928	0.239450884	0	6.892812983	0.001478451
A6_C2_V11	pHDilution_perturbation	E1_P26	296	Bh_State	1.181737494	0.599595564	0.492640838	11.62987362	4.636262522	10.36201012	1.675862046	0.217660984	0	5.483754101	0.001652558
A6_C2_V11	pHDilution_perturbation	E1_P27	308	Bh_State	0.688872073	0.302410522	0.481503847	12.19400381	4.634784036	10.52727456	1.629802178	0.208184359	0	8.360302783	0.001277497
