Experiment	condition	Bh	Bt	Ri	Trehalose	Glucose	Pyruvate	Succinate	Lactate	Formate	Acetate	Butyrate
A6V7_1	E1_c1	0.100359228	0.053445626	0.017123013	0.707072364	10.0202682	10.33036638	0.661754597	0.78942582	0.993358966	2.507462751	0.22714961
A6V7_2	E1_c2	2.360131636	1.050931594	0.020462064	0.553844892	8.689491932	8.348793727	0.991895957	0.841662812	0.819649752	6.159969452	0.299873268
A6V7_3	E1_c3	2.24984467	9.177112773	0.410866222	0.162099536	0.777374915	0.099392449	5.585550539	1.021177334	0.856420158	15.54859196	1.760877031
A6V7_4	E1_c4	2.114266899	5.889452231	0.960802072	0.252398034	0.48171434	0	4.845946446	1.611162967	0.689268991	12.7205451	4.473542575
A6V7_5	E1_c5	0.860357018	4.348999806	0.557833107	0.307071126	0.198472494	0	3.606656404	2.123769161	0.741422092	9.11193047	6.601668637
A6V7_6	E1_c6	0.819150853	4.143729454	1.149901794	0.36181447	0.077390049	0	2.895228247	2.282435003	0.850027491	6.704051014	8.77716109
A6V7_7	E1_c7	0.610574487	5.419235385	2.984634089	0.448288339	0.085248128	0	2.912124887	2.506355062	1.033186256	5.700039613	11.60287079
A6V7_8	E1_c8	0.612917507	0.000329897	0.000412371	0.451882601	0.072384637	0	2.55552443	2.405239837	1.05708023	5.074005678	11.63757714
A6V7_9	E1_c9	0.615260528	5.848708786	4.800871947	0.455476863	0.059521146	0	2.198923973	2.304124613	1.080974205	4.447971742	11.67228349
A6V7_10	E1_c10	0.371130128	6.460413339	4.672917769	0.480411441	0.064781726	0	2.22621243	2.198027569	0.96619359	5.012382234	12.84248877
A6V7_11	E1_c11	2.366263439	5.794480192	4.607202037	0.139877789	0.058459069	0	1.991349771	1.703302131	0.934059166	6.251961924	12.37869438
A6V7_12	E1_c12	1.743214202	2.715923636	2.368371583	0	0.053918213	0	1.854411281	1.27518615	1.068092273	8.275535161	12.96180851
A6V7_13	E1_p1	1.575488151	5.867611515	5.640557441	0	0.05951385	0	2.011935177	1.061420305	1.18374814	9.501430851	15.2017711
A6V7_14	E1_p2	1.271097864	3.703075473	3.767017467	0	0.055825953	0	1.569417579	0.747115689	0.961137688	7.547407905	13.92016429
A6V7_15	E1_p3	1.478221874	2.466378247	3.187928288	0.083761758	0.162788261	0.433060516	1.314021505	0.637448155	0.766669752	6.858907234	12.78788722
A6V7_16	E1_p4	1.050346267	2.448216428	2.192691775	0.16149778	1.910299407	2.630350311	1.411345331	0.78401362	0.758933929	6.218607173	9.970126968
A6V7_17	E1_p5	0.587481583	2.122782643	1.513399334	0.248686742	3.681098643	4.440094407	1.285480839	0.612695045	0.801641408	5.127105799	7.484697176
A6V7_18	E1_p6	0.492892207	0.956868071	0.621044181	0.312081626	4.811491306	5.809945938	1.205187481	0.575746962	0.834341067	4.425401847	5.764759364
A6V7_19	E1_p7	0.583354363	1.009238837	1.207865629	0.407552368	6.580129658	7.904594283	1.373896899	0.614897555	1.012265296	4.496094385	5.017319685
A6V7_20	E1_p8	0.474585552	0.934459497	0.827845751	0.371157544	5.908267693	7.08857117	1.384143108	0.513819627	0.911935548	4.170162806	4.545643833
A6V7_21	E1_p9	0.42628506	1.273759359	0.762004961	0.368474505	5.856115696	7.051410448	1.529662647	0.516546075	0.916843724	4.315380722	4.593870578
A6V7_22	E1_p10	0.189029126	0.552357836	0.385832178	0.494710596	8.449694101	9.973908562	1.133870453	0.611178628	1.091227239	3.288922357	2.058793743
A6V7_23	E1_p11	0.155957647	0.284761503	0.21168685	0.482526622	8.266194219	9.823965334	0.980874422	0.548143005	1.049099298	2.906984577	1.467856489
A6V7_24	E1_p12	0.046748368	0.860705937	0.063149998	0.480057832	8.073629211	9.745408489	1.035864839	0.581498288	1.234005736	3.06778665	0.001488504
A6V7_25	E1_p13	0.031234923	9.585997791	0.026896739	0.562127096	5.308322628	6.71875334	4.621105063	0.943223576	2.866711624	8.381408227	0.872301659
A6V7_26	E1_p14	0.017770298	6.409549004	0.02451643	0.557078983	1.295543896	1.583260362	7.970089366	1.43401582	2.250206101	11.0586594	0.576740531
A6V7_27	E1_p15	0.015231396	5.197506346	0.015846806	0.541550301	1.109362985	0.994783871	8.807188811	1.423423386	1.919047192	11.24928736	0.446104917
A6V7_28	E1_p16	0.019916746	3.96412962	0.021659462	0.560552045	1.836609451	1.52006442	9.149791776	1.591580061	1.932340871	11.2469799	0.347098007
A6V7_29	E1_p17	0.009995008	2.104237211	0.014625464	0.528284798	2.448747659	2.171813176	7.846460062	1.867086297	1.474927423	9.898177897	0.374721013
A6V7_30	E1_p18	0.012746708	2.099701468	0.021092767	0.514357032	3.294426443	3.177158293	6.768200947	2.020315268	1.375114926	8.702539308	0.243484804
A6V7_31	E1_p19	0.006630439	2.15200985	0.011002685	0.566647905	4.595718703	4.816631212	6.409892291	2.721418271	1.400479196	8.4683663	0.200451798
A6V7_32	E1_p20	0.007276802	1.976913104	0.00986411	0.509165579	4.874089093	5.44307609	5.12750443	2.372173703	1.317210354	7.177132474	0.171960082
A6V7_33	E1_p21	0.005231472	3.733500593	0.007310647	0.498713289	4.026793448	5.172981612	5.545920953	1.832066679	1.491747043	7.568703535	0.128478282
A6V7_34	E1_p22	0.005858904	3.770204962	0.003743189	0.578559042	2.550747195	3.734301171	8.578165443	2.355381174	1.741002372	10.81587171	0.114492665
A6V7_35	E1_p23	0	2.691664144	0.001135856	0.38724113	1.192464146	1.618919127	6.138672091	1.470150873	1.107649361	7.36196406	0.130701631
A6V7_36	E1_p24	0	3.224950943	0.001749057	0.513866221	1.643372817	2.436736773	8.747447245	2.788605679	1.550439698	10.17312356	0.081790102
A6V7_37	E1_p25	0	5.48586459	0.001025293	0.565405001	1.904952255	3.101136309	9.735170406	3.400949952	1.852748944	11.33948658	0.077960031
A6V7_38	E1_p26	0.002520565	4.992835134	0.001344301	0.512756455	1.715413519	3.06440991	8.687024599	3.338944854	1.669220235	10.38805727	0.059614563
A6V7_39	E1_p27	0	7.028772278	0.001427722	0.511260313	0.998808963	2.260441012	9.392857717	3.710781526	1.652290083	11.22479602	0.066213676
A6V8_1	E1_c1	0.043298246	0.047408449	0.018936919	0.693420037	9.880882708	10.0917616	0.637186417	0.773684049	0.958031876	2.436031436	0.226028834
A6V8_2	E1_c2	2.838711273	1.774247284	0.086900521	0.484887964	8.15619844	7.993456948	1.174939166	0.821254887	0.831115137	7.174669564	0.358279639
A6V8_3	E1_c3	4.526891939	8.536576892	0.717219239	0.107986453	0.274728899	0	4.784771093	0.750507883	0.667248729	14.82238806	2.783383022
A6V8_4	E1_c4	2.251691023	10.22911065	2.717180358	0.183441902	0.070363196	0	3.503907496	0.91736581	0.70659109	9.942083602	7.408524733
A6V8_5	E1_c5	1.134786237	4.908355112	2.443117437	0.238143361	0.062619992	0	2.842891547	0.925399831	0.663863705	5.474049359	9.834763189
A6V8_6	E1_c6	0.731459656	4.269406275	1.549196049	0.294067969	0.06154821	0	2.613162594	1.080938648	0.724103032	4.340470927	11.6933344
A6V8_7	E1_c7	2.24065934	11.54804559	5.633608141	0.223853987	0.067115445	0	2.778574678	1.133971722	1.037391003	4.999659672	12.92079993
A6V8_8	E1_c8	3.358470204	6.531481522	4.149048145	0	0.062132741	0	2.375943484	0.813383483	0.820080725	6.522062608	12.78172371
A6V8_9	E1_c9	3.4432874	9.306182161	5.510486236	0	0.064696894	0	2.195305105	0.63801377	0.958436813	7.454479345	13.82672319
A6V8_10	E1_c10	3.057437098	10.89351888	5.572012668	0	0.065338363	0	2.315928292	0.541802371	1.434333738	8.814435477	14.97800342
A6V8_11	E1_c11	2.312792578	8.169930098	4.979735556	0	0.062012058	0	2.015878407	0.407547428	1.591314272	8.423184417	14.73415587
A6V8_12	E1_c12	0.969948892	8.476069065	5.625928882	0.098198849	0.061085317	0	1.936679082	0.3381024	1.470841275	6.051318258	15.4047295
A6V8_13	E1_p1	0.699848465	9.872119187	7.536374936	0.215379365	0.063772134	0	2.209643451	0.312820164	1.593595961	5.095582565	16.44220121
A6V8_14	E1_p2	0.38027178	6.703823473	4.464871146	0.275976771	0.060592871	0	1.81962544	0.261840242	1.237446603	3.724713384	14.49710481
A6V8_15	E1_p3	0.239540702	3.131816797	3.048017079	0.332586064	0.059316838	0	1.462312802	0.255747541	1.30460292	3.57134572	13.83258629
A6V8_16	E1_p4	0.335937852	4.324561368	4.383399606	0.386864906	0.323190926	0.921120272	1.337859793	0.326393175	0.872038272	3.933014361	11.7692882
A6V8_17	E1_p5	0.232564715	3.753251375	2.724533764	0.412398332	1.528044487	2.602312381	1.489497904	1.09674625	0.807559465	3.900994862	8.925060423
A6V8_18	E1_p6	0.109883958	2.794918811	2.033192364	0.44306989	2.889111758	4.228904639	1.564992755	1.453401809	0.844839369	3.838920594	7.017714922
A6V8_19	E1_p7	0.074385638	1.608289478	1.315046096	0.500914333	4.424155693	5.966019353	1.748393783	1.944090003	0.987369036	4.066813397	5.728955175
A6V8_20	E1_p8	0.123647335	1.723127116	1.930374813	0.46627204	3.84662006	5.263804887	1.838703548	2.018778675	0.905274984	4.009879479	5.339434748
A6V8_21	E1_p9	0.147811737	2.14002043	2.02795607	0.468497948	3.665996185	5.114134649	2.084019128	2.400705806	0.917359613	4.286506467	5.473550943
A6V8_22	E1_p10	0.02886102	0.985902848	0.468189882	0.524527925	7.17245627	8.853751476	1.347219623	1.741877655	1.069783371	3.334062865	2.328950333
A6V8_23	E1_p11	0.020336173	5.641311726	0.275106491	0.507314009	6.139676891	8.116994338	2.148605225	1.208920835	1.544341017	4.437769011	1.619987319
A6V8_24	E1_p12	0.011811326	10.2967206	0.0820231	0.557991858	1.569845292	2.998705457	6.621553761	2.958255021	1.892783784	9.474191998	1.2362496
A6V8_25	E1_p13	0.005156888	7.229750087	0.042630271	0.596287892	0.733995652	0.889780098	9.491333537	3.184913691	1.771295667	12.04161529	0.944137587
A6V8_26	E1_p14	0.006145715	6.326706245	0.041227504	0.550199571	0.68826798	0.867284071	9.390052344	2.075455275	1.422309666	11.31702048	0.666816691
A6V8_27	E1_p15	0.024077708	4.661925757	0.051566424	0.550243175	1.125757821	1.457002752	9.126417646	2.301279242	1.322776173	10.90815357	0.551178094
A6V8_28	E1_p16	0.00349703	2.988561545	0.024071221	0.559729277	2.066757069	2.370499867	8.571152324	3.151872575	1.271574072	10.28347952	0.430044828
A6V8_29	E1_p17	0.002119309	2.635890895	0.036293171	0.523009202	2.861269395	2.66775313	7.184831204	3.490055707	1.191085311	9.075560341	0.36003213
A6V8_30	E1_p18	0.00122521	1.366660288	0.015110921	0.50219785	3.576909021	1.748702502	6.103665559	4.793308532	1.175798481	8.678721456	0.347749388
A6V8_31	E1_p19	0.002570738	1.645615376	0.028611367	0.52468511	4.332835556	0.38568789	5.521077851	7.184222251	1.25844855	9.194938513	0.399570976
A6V8_32	E1_p20	0	2.469805669	0.007086158	0.495416196	3.941950486	0.253013726	4.855304706	7.561194656	1.287174166	8.465162461	0.551648981
A6V8_33	E1_p21	0.001598023	4.384228576	0.007901335	0.485304189	2.341534504	0.534825497	5.988803596	7.360687339	1.2836301	8.768763786	0.679149042
A6V8_34	E1_p22	0	4.137044149	0.004580295	0.54101624	1.555950118	0.954935439	8.352643607	7.469347753	1.447173447	10.5974022	0.663187857
A6V8_35	E1_p23	0	3.993021121	0.001412676	0.494487013	0.974206101	0.990593598	8.773823406	5.947323975	1.448966592	10.15880147	0.499737936
A6V8_36	E1_p24	0	3.550538431	0.00055834	0.444566599	0.808361797	1.149567948	8.043228237	4.729351795	1.332971583	9.272037294	0.398660438
A6V8_37	E1_p25	0	5.438392637	0.00208876	0.53317946	1.046597368	1.753751224	9.897733135	5.541005977	1.716821903	11.39249295	0.359799271
A6V8_38	E1_p26	0	5.942022734	0.001968079	0.494187629	1.031655668	1.952315553	9.15610685	4.877986668	1.629588866	10.81161076	0.26207721
A6V8_39	E1_p27	0	7.924811374	0.001702463	0.501442277	0.560434343	1.27527059	9.860717919	5.252328143	1.636674274	11.84356368	0.248797687
A6V9_1	E1_c1	0.11405838	0.04024668	0.007599496	0.696449439	9.870129393	10.17336173	0.646952799	0.793571033	0.969600511	2.510519027	0.240148946
A6V9_2	E1_c2	3.056434061	1.792029964	0.088967798	0.48827987	8.253664502	7.958217664	1.217183043	0.857475428	0.772706514	7.338033322	0.358667815
A6V9_3	E1_c3	3.272115851	8.585670776	0.723139014	0.09496452	0.288465216	0	4.813563708	0.768483984	0.669043759	14.72790494	2.984863239
A6V9_4	E1_c4	1.893507651	7.329907059	1.887383511	0.169541364	0.073767018	0	3.703964837	0.933140842	0.716483086	9.746720195	7.920859144
A6V9_5	E1_c5	1.34505847	7.634919106	2.57110671	0.225339669	0.06535909	0	2.972607222	1.021087984	0.734737168	5.439144826	10.36131528
A6V9_6	E1_c6	1.197494062	7.661477571	2.934108895	0.272181086	0.060258237	0	2.741136299	1.22064081	0.906414466	4.32857061	11.75535991
A6V9_7	E1_c7	2.124928525	10.41614025	5.158106037	0.163049029	0.070387458	0	2.816031278	1.146974765	1.014215177	5.329085913	13.40507564
A6V9_8	E1_c8	3.401052673	9.046145275	4.577028367	0	0.061214136	0	2.34981833	0.81805079	0.789993566	6.655718386	13.03450003
A6V9_9	E1_c9	2.612309871	8.414915716	4.765542239	0	0.060442683	0	2.130929961	0.634214313	1.330814886	7.437045255	13.89710696
A6V9_10	E1_c10	2.52891098	7.370298071	6.366408674	0	0.042603418	0	1.252144808	0.300747515	0.691592273	4.761513675	8.532893704
A6V9_11	E1_c11	2.469008049	7.507469798	4.998968856	0	0.064044588	0	1.927114267	0.384618214	1.266098041	8.315443959	15.06039449
A6V9_12	E1_c12	1.142884817	8.015957649	5.327465333	0.121099943	0.05942455	0	1.794886951	0.357125397	1.406046272	6.293851	15.33666451
A6V9_13	E1_p1	0.763607298	8.681814913	6.976831146	0.189140065	0.063705638	0	2.037226888	0.349627188	1.552934489	5.217079729	16.71888925
A6V9_14	E1_p2	0.542641874	6.297660421	5.822848781	0.259719323	0.062735038	0	1.684865434	0.264125445	1.382645818	3.829370063	14.80295489
A6V9_15	E1_p3	0.31834837	3.55078816	5.701289359	0.316935343	0.059340939	0	1.312524259	0.233816873	1.162427901	3.719441017	13.5494077
A6V9_16	E1_p4	0.328868595	2.822850356	4.542574446	0.387944204	0.608834907	1.393202676	1.372539765	0.435716193	0.816929181	4.145690602	11.68868307
A6V9_17	E1_p5	0.219542155	2.083495815	2.71923632	0.408598879	2.192083592	3.353367835	1.425807453	0.919756648	0.805980576	3.796638812	8.637582351
A6V9_18	E1_p6	0.081462121	2.448292624	1.96194531	0.434929111	3.528167777	4.934760065	1.237177766	0.879066638	0.850531489	3.518882253	6.642494858
A6V9_19	E1_p7	0.166139588	1.554235844	1.648935409	0.499761247	5.135955067	6.774690685	1.640090047	1.545092378	1.017455828	3.786211506	5.561860687
A6V9_20	E1_p8	0.112819666	1.311348584	1.109693433	0.461262985	4.553259656	4.853564979	1.717068164	2.529130709	1.032192928	4.25423178	5.133526435
A6V9_21	E1_p9	0.082536948	1.277841266	0.890975775	0.45821305	4.44058224	3.396172932	1.808091839	3.618601664	1.22390378	5.006119489	5.245576103
A6V9_22	E1_p10	0.020515803	0.481501123	0.25509572	0.532908185	7.854730262	7.434877433	1.250097404	2.991535942	1.43126732	4.146549678	2.322200702
A6V9_23	E1_p11	0.015589528	0.872952421	0.166848704	0.507995837	7.570424439	6.997922755	1.241235425	3.094844108	1.332695618	4.167915623	1.607338076
A6V9_24	E1_p12	0.011662057	10.09071124	0.06919487	0.519516753	2.212358603	2.313419472	5.985667107	4.038603266	2.143664729	9.234984113	1.20095115
A6V9_25	E1_p13	0.007351468	7.060900786	0.042424094	0.584374203	1.107019747	0.596433971	8.855090634	4.67417328	2.065972917	12.21597054	1.040942191
A6V9_26	E1_p14	0.004987193	5.083694857	0.03376745	0.534236406	1.228440847	0.664869698	8.546579392	3.681979181	1.646905935	11.22403452	0.816431969
A6V9_27	E1_p15	0.002473194	2.689301463	0.014550623	0.52946387	1.751062467	0.962229371	8.460997607	3.876104475	1.506827161	10.71755813	0.784567705
A6V9_28	E1_p16	0.067613194	2.231235406	0.249056196	0.531753659	2.601946049	1.252258464	8.305606329	4.56152243	1.487214155	10.2868546	0.756906343
A6V9_29	E1_p17	0.00228608	2.089629187	0.017738285	0.499770348	3.150355991	1.572887808	7.064099634	4.62788505	1.393593061	8.942588094	0.814183068
A6V9_30	E1_p18	0	1.523873663	0.01232254	0.49433169	4.072237094	2.457120653	6.007975635	4.51980985	1.48320847	7.935981287	0.937936013
A6V9_31	E1_p19	0.001871325	2.230726802	0.011584395	0.515023449	4.928727443	3.608770865	5.430851022	4.495013622	1.522108962	7.656903826	0.828479698
A6V9_32	E1_p20	0	5.536429382	0.008706402	0.502537282	2.958079344	3.132517371	6.822655343	4.180915606	1.632997778	8.604396018	0.612887278
A6V9_33	E1_p21	0	5.254256216	0.006981685	0.495345414	1.156564706	1.532407679	8.749543264	4.288832627	1.518173998	10.00081938	0.486926773
A6V9_34	E1_p22	0	4.455366653	0.001235631	0.5578221	0.975836117	1.323323094	10.93506773	4.350610834	1.803911929	12.15056687	0.412973145
A6V9_35	E1_p23	0	4.962605294	0.00235538	0.511306759	0.836276402	1.30727517	10.31996848	3.855366473	1.725156174	11.31775806	0.304077605
A6V9_36	E1_p24	0	4.38568504	0.004003706	0.506578545	0.955550839	1.687763381	9.981812019	3.930248141	1.74926718	11.09295837	0.272420994
A6V9_37	E1_p25	0	5.126683531	0.002037957	0.544708589	1.081359332	2.103050698	10.56028497	4.510409521	1.954445106	11.78348189	0.242410135
A6V9_38	E1_p26	0	5.89851402	0.001095889	0.512008567	1.034712737	2.223861003	9.7570209	4.414363276	1.822485823	11.22473575	0.172296338
A6V9_39	E1_p27	0	7.49386083	0.001648017	0.504937478	0.559475991	1.417354217	10.17443528	4.746717779	1.78409944	12.00002469	0.163477898
A6V10_1	E1_c1	0.076084046	0.031549844	0.004908689	0.693447384	9.860288005	10.14081117	0.660326072	0.797679585	0.959753148	2.492439194	0.23382533
A7V10_2	E1_c2	2.9654581	1.927951632	0.102088511	0.470761618	8.069440066	7.971788879	1.247252134	0.863325386	0.830877832	7.204165646	0.366426687
A7V10_3	E1_c3	3.618869073	9.46223378	0.616585399	0.1229342	0.271157122	0.076523873	4.8226452	0.781458263	0.643625324	15.03931735	2.44914926
A7V10_4	E1_c4	2.153490528	9.42899846	2.382589685	0.196031342	0.073028388	0	3.464149422	0.927095698	0.722630171	10.3872642	7.049538419
A7V10_5	E1_c5	1.199286434	8.955109537	3.071223262	0.254903014	0.065258892	0	2.818810891	0.880820495	0.665232005	5.888337641	9.779333897
A7V10_6	E1_c6	1.393365169	9.138681024	5.718163057	0.295648859	0.061195591	0	2.555111164	0.884915615	0.801091521	4.391938515	11.35475408
A7V10_7	E1_c7	2.175666092	13.5015228	4.57509531	0.161714659	0.067318579	0	2.737180189	0.918270437	0.906846015	5.263009717	12.97464999
A7V10_8	E1_c8	4.518896586	10.44624351	4.745585768	0	0.061849023	0	2.31730726	0.648681719	0.966173159	6.584900048	12.77254965
A7V10_9	E1_c9	5.613635911	9.029489582	5.956177964	0	0.059691747	0	2.182657521	0.526293718	1.282038952	7.354494972	13.58506489
A7V10_10	E1_c10	4.135572164	9.490409382	5.204383766	0	0.06258716	0	2.34032797	0.459326687	1.481529107	9.262464042	15.20978669
A7V10_11	E1_c11	2.486271672	8.07014062	6.716414563	0	0.059931915	0	2.028424362	0.360378579	1.527442505	8.012023442	14.78557875
A7V10_12	E1_c12	1.280443116	9.848007237	6.889509721	0.085438682	0.062391597	0	1.963822715	0.306303741	1.402931974	5.73710571	15.38886185
A7V10_13	E1_p1	1.589403914	14.49435854	8.789361765	0.032744551	0.060984933	0	2.20486128	0.245927813	1.32550324	5.751123583	16.46577118
A7V10_14	E1_p2	3.095315484	8.920245086	5.191724459	0	0.059297675	0	1.922491057	0.181768309	1.006122716	5.959361181	15.27735191
A7V10_15	E1_p3	1.895982203	6.044049477	6.105555356	0.059442484	0.061211489	0	1.663480041	0.185653398	0.926524398	4.733925164	15.52003271
A7V10_16	E1_p4	0.893153685	4.452816346	5.828884646	0.137344987	0.073053017	0	1.710679108	0.219350547	1.13625711	3.878648106	16.09273439
A7V10_17	E1_p5	0.704159104	3.3250293	5.59026863	0.22024021	0.077019389	0	1.559841455	0.173953901	1.024159453	3.950948064	14.12976024
A7V10_18	E1_p6	0.544950316	5.381687123	6.84770439	0.273064803	0.072771918	0	1.627595141	0.2057636	0.960238444	4.693378755	13.76562741
A7V10_19	E1_p7	0.224240608	9.982711374	6.722880267	0.28734626	0.05238974	0	2.157863898	0.37240246	1.102830659	5.82560065	15.18964345
A7V10_20	E1_p8	0.24616866	10.09970592	6.828350792	0.280173484	0.024583533	0	2.024438879	0.377496746	1.144630564	5.542224458	14.16744407
A7V10_21	E1_p9	6.103569575	7.588221634	4.418607318	0	0.025502109	0	2.01500004	0.465436193	1.102409796	7.425189423	14.24288248
A7V10_22	E1_p10	7.556064833	11.69732475	0.464966181	0	0.082721137	0	5.551918105	1.752157075	1.05706551	17.89569748	6.46198333
A7V10_23	E1_p11	6.298899827	15.38206795	1.632690293	0	0.059296444	0	3.738061901	1.476405616	0.976398744	17.69526667	8.076435069
A7V10_24	E1_p12	12.99657654	13.15687069	1.906908348	0	0.025930784	0	2.950707406	1.200686208	0.854186193	18.50637088	9.882333069
A7V10_25	E1_p13	16.75591363	10.99615367	1.674567163	0	0.027000163	0	2.73279809	0.986589019	1.206989343	22.54609945	12.59297106
A7V10_26	E1_p14	10.47789674	5.966937646	1.341877636	0	0.023296865	0	2.143673203	0.891026475	1.076226537	20.36309766	12.19076763
A7V10_27	E1_p15	8.822060937	4.555940121	1.182299246	0	0.024800364	0	1.85701921	0.735588595	0.984462393	20.19140669	12.71533626
A7V10_28	E1_p16	10.03354914	9.738772645	2.625062815	0	0.026921346	0	1.817573403	0.666813924	1.224254866	20.91151956	13.81743614
A7V10_29	E1_p17	5.016999564	10.7360747	4.98881734	0	0.041809403	0	1.671446609	0.670238053	1.267375401	16.73519207	14.12096284
A7V10_30	E1_p18	2.705054347	11.91298769	7.101887302	0.077242658	0.111706782	0	1.934824802	0.696985344	1.356055526	12.19711199	14.88282139
A7V10_31	E1_p19	4.632778438	11.8149858	7.352848461	0	0.015765164	0	2.137087645	0.628856242	1.435895131	11.798289	16.01901301
A7V10_32	E1_p20	8.289354793	8.74810275	6.688643339	0	0.01378353	0	1.914926445	0.623313476	1.234386471	12.50357754	15.51745854
A7V10_33	E1_p21	10.48347105	10.43945648	3.112882519	0	0.01467034	0	1.717277075	0.656112195	0.972822618	14.56061459	15.19843993
A7V10_34	E1_p22	13.26630296	8.683327418	3.552429788	0	0.024142916	0	1.75676058	0.623792509	1.427755209	18.9118895	16.72877989
A7V10_35	E1_p23	12.7290365	9.030515868	2.716012466	0	0.019212521	0	1.647095783	0.62251336	1.201180981	17.99969168	14.43717025
A7V10_36	E1_p24	12.87811257	8.067583563	2.088771881	0	0.031088103	0	1.798648444	0.721246567	1.057615659	19.2256419	13.62325677
A7V10_37	E1_p25	12.23018241	10.23351307	2.3789111	0	0.033816961	0	2.144214957	0.798159597	1.411684173	22.78494954	14.07394601
A7V10_38	E1_p26	12.66449576	9.495698578	2.437943281	0	0.034847548	0	2.303851837	0.903307915	1.212755483	22.42370494	12.75264251
A7V10_39	E1_p27	10.68821775	11.30471813	1.425855788	0	0.035780036	0	2.666686473	0.94568111	1.07651738	24.18743523	12.25716519
A6V11_1	E1_c1	0.133560979	0.054311324	0.007416648	0.680188711	9.88776444	9.991402612	0.618872405	0.757713311	0.932373202	2.422255597	0.212530634
A6V11_2	E1_c2	2.14309343	1.165702369	0.075405556	0.481082753	8.095329299	8.030869661	1.210736261	0.852109979	0.878631469	6.970125135	0.351913964
A6V11_3	E1_c3	3.218052734	9.88870235	0.669830301	0.137880043	0.249322835	0.071939989	4.7905053	0.740547068	0.644288363	14.78977759	2.522426904
A6V11_4	E1_c4	2.146762075	9.215189105	2.834386873	0.195999592	0.0726469	0	3.480555357	0.887909192	0	10.06973302	7.142932665
A6V11_5	E1_c5	2.069553892	9.611624654	4.251915701	0.245897526	0.065192495	0	2.901913706	0.818657448	0.726063809	5.766352582	10.43671326
A6V11_6	E1_c6	1.316330967	10.76151194	4.327391177	0.265856658	0.061262453	0	2.592344402	0.917557596	1.051939621	4.428476538	11.40049668
A6V11_7	E1_c7	4.411609863	11.72702837	7.798443204	0	0.06432053	0	2.735710903	0.836405159	0.880212872	6.027146443	13.03309994
A6V11_8	E1_c8	4.369176226	10.82513594	4.87884227	0	0.060809242	0	2.334372128	0.572766413	1.368822001	6.784770737	12.95595736
A6V11_9	E1_c9	2.898462414	6.609853979	3.432309423	0	0.073510045	0	2.184855797	0.448551403	1.459662909	7.681451606	13.85160597
A6V11_10	E1_c10	3.423342049	10.46436228	5.721725355	0	0.062376915	0	2.313469585	0.415946113	1.24701664	9.027164095	15.31594433
A6V11_11	E1_c11	0.981256026	9.662425528	5.886682149	0.075728581	0.061721245	0	2.026912979	0.304207297	1.502325704	6.366734279	15.11437041
A6V11_12	E1_c12	0.415067122	6.320683296	4.05767179	0.197053533	0.061724895	0	1.960586326	0.279535871	1.522301844	4.791203957	15.02277312
A6V11_13	E1_p1	0.80586535	11.85589103	7.493950817	0.274819198	0.062513976	0	2.270605024	0.226096514	1.411515912	4.649992993	15.65868541
A6V11_14	E1_p2	0.342376722	11.55692625	6.684905494	0.32363741	0.063404112	0	1.980084926	0.232705976	1.220200882	3.626393592	14.03620338
A6V11_15	E1_p3	0.281965556	8.04066249	4.956788615	0.36212566	0.059299799	0	1.595785729	0.22658781	1.118784142	3.404763295	13.28386891
A6V11_16	E1_p4	0.252944637	3.252145329	3.420775087	0.425276299	0.200882766	0.735538269	1.42268196	0.292459306	0.886946357	3.94904719	12.09227097
A6V11_17	E1_p5	0.101838954	2.928888308	3.413302264	0.435713132	1.018446264	2.024389867	1.525669781	1.30513944	0.794192709	4.113879414	9.069628579
A6V11_18	E1_p6	0.112001929	2.701282895	2.217411934	0.447978276	2.321044894	3.456349313	1.610415923	1.832300373	0.808689099	4.013025919	6.846115168
A6V11_19	E1_p7	0.049816601	2.344576026	1.596794382	0.504465541	3.773167971	5.10843818	1.86504421	2.434507149	0.96180497	4.416627881	5.592287772
A6V11_20	E1_p8	0.077004098	2.632513437	1.573165206	0.483410813	3.188795016	4.336153825	2.061732434	2.818739629	0.874744804	4.610613703	5.424368298
A6V11_21	E1_p9	0.075817948	2.149730439	1.465327653	0.467348841	2.840894917	2.760689462	2.209058815	3.93389824	0.903033003	5.232919552	5.408206666
A6V11_22	E1_p10	0.021974995	0.792874735	0.300888398	0.52210381	6.866607924	6.807028427	1.416787692	3.244331209	1.183585222	4.319960711	2.254303149
A6V11_23	E1_p11	0.009625074	0.713440127	0.197231759	0.494395064	6.902112844	5.817810588	1.30622772	3.80021263	1.226580976	4.494365708	1.603331315
A6V11_24	E1_p12	0.006686561	5.41571361	0.062407907	0.502977129	4.026871318	3.432959704	4.14627541	4.49906032	1.891809	7.620441379	1.243785747
A6V11_25	E1_p13	0.002659107	8.566685012	0.04511618	0.562783022	1.012803831	0.618820762	8.241187675	5.612475968	1.882622109	11.38126468	1.083881059
A6V11_26	E1_p14	0.002033681	5.973869053	0.026889777	0.52154928	0.887724149	0.486922209	8.490337474	4.812318098	1.492931681	10.76993119	0.958650397
A6V11_27	E1_p15	0.001847765	2.795944919	0.013627264	0.513167835	0.988056028	0.547066486	8.455498071	4.720532991	1.340910975	10.46840677	0.92720632
A6V11_28	E1_p16	0	3.70151053	0.022282078	0.537030687	1.468044383	0.605418197	8.585039706	5.522676164	1.311140903	10.70774763	0.801037904
A6V11_29	E1_p17	0.000892039	1.86186349	0.011559337	0.505240926	2.364858448	0.647645308	7.419628049	5.819387905	1.207722945	9.641196309	0.655080226
A6V11_30	E1_p18	0.00271415	2.159513757	0.01283567	0.492388741	3.234092656	0.831683508	6.403786442	6.318543382	1.144207816	8.877552738	0.607657336
A6V11_31	E1_p19	0.001449817	1.650761172	0.008215627	0.518676936	4.467100818	1.583735673	5.714189931	6.865029777	1.240012952	8.618460768	0.588207991
A6V11_32	E1_p20	0	4.542724585	0.007073633	0.484013899	3.907778779	1.881015589	5.387343549	6.076032493	1.332557007	8.150869554	0.471420168
A6V11_33	E1_p21	0	7.213569923	0.005525734	0.488725856	1.305297225	0.983934592	8.056372965	5.966370434	1.405519277	9.975345558	0.401892913
A6V11_34	E1_p22	0	6.466653334	0.000771622	0.531109128	0.859932281	0.65171327	10.39213537	6.00006986	1.517352703	11.79957379	0.334689978
A6V11_35	E1_p23	0	5.189033802	0.002329784	0.410430914	0.559747964	0.510224691	8.348849914	4.093804839	1.245333923	9.204645696	0.249411057
A6V11_36	E1_p24	0	4.951718625	0.000643018	0.481417402	0.636888597	0.814838166	10.12846737	4.636792397	1.605966299	11.06536746	0.308473317
A6V11_37	E1_p25	0	6.892812983	0.001478451	0.506538074	0.571839702	0.969081106	10.69642065	4.916233614	1.694751928	11.92049313	0.239450884
A6V11_38	E1_p26	0	5.483754101	0.001652558	0.492640838	0.599595564	1.181737494	10.36201012	4.636262522	1.675862046	11.62987362	0.217660984
A6V11_39	E1_p27	0	8.360302783	0.001277497	0.481503847	0.302410522	0.688872073	10.52727456	4.634784036	1.629802178	12.19400381	0.208184359
A6V12_1	E1_c1	0.104958569	0.051608848	0.007758167	0.714327867	10.2714782	10.51125615	0.660623809	0.822537898	0.995368565	2.555579893	0.251790097
A6V12_2	E1_c2	2.918401592	2.207798486	0.103501758	0.484047004	8.307804608	8.20615907	1.297696857	0.885647249	0.878870083	7.450437475	0.382057861
A6V12_3	E1_c3	1.37918028	4.649327982	0.295288726	0.129465069	0.248302069	0.077481071	4.898880349	0.780207591	0.669698312	15.25123377	2.535218544
A6V12_4	E1_c4	2.404545811	9.337394346	2.802502452	0.203912805	0.080889394	0	3.725931882	0.92937626	0.762429277	10.98022225	7.599429425
A6V12_5	E1_c5	0.963365511	7.391582446	2.763788611	0.257359641	0.06896004	0	2.979414257	0.863719449	0.784805339	6.21541864	10.1926287
A6V12_6	E1_c6	1.441740537	9.90444309	5.495232233	0.285821822	0.064084611	0	2.618548408	0.866798456	1.405592721	4.626146919	11.5895966
A6V12_7	E1_c7	3.816237422	15.01458292	7.530686017	0	0.074318076	0	2.822545838	0.843233184	0.914364544	6.210367499	13.64500037
A6V12_8	E1_c8	4.007298172	11.9289388	5.100283553	0	0.064425267	0	2.475355947	0.626134867	1.402448459	7.231294004	13.71465102
A6V12_9	E1_c9	4.297352645	10.17364761	5.500868388	0	0.061037613	0	2.200671284	0.467445534	1.439021792	7.811431913	13.96955962
A6V12_10	E1_c10	3.799166604	8.603848732	6.936137503	0	0.063212123	0	2.44419086	0.421185204	1.401834924	9.726369263	16.02374612
A6V12_11	E1_c11	0.750566314	5.531929441	3.345961455	0	0.06099548	0	2.119587677	0.330563811	1.435707173	7.457101059	15.33960341
A6V12_12	E1_c12	0.866288559	10.70741999	6.821730525	0.156133728	0.062862379	0	2.028739613	0.295259426	1.637862265	5.378087722	15.81740234
A6V12_13	E1_p1	1.167322699	10.07940197	10.32103609	0.252528133	0.067597002	0	2.433217547	0.286645089	1.412329768	5.017430027	17.00510779
A6V12_14	E1_p2	0.402064865	7.917681081	4.069345946	0.307317774	0.063670044	0	2.015112035	0.222277169	1.386733537	3.734277548	14.91105924
A6V12_15	E1_p3	0.17701306	6.910636361	4.734486084	0.349110447	0.061629036	0	1.601873357	0.231217792	1.356625896	3.401804599	13.77698428
A6V12_16	E1_p4	0.220391586	6.29967308	4.502844971	0.436778588	0.189282846	0.750885138	1.477309924	0.256500215	0.956297193	4.141419613	13.12828564
A6V12_17	E1_p5	0.175622806	3.958140406	3.22996849	0.436211528	0.936938694	1.930957628	1.490605602	1.339984392	0.812567644	4.205766655	9.583676351
A6V12_18	E1_p6	0.125153096	2.458006804	2.925453618	0.451507047	2.327850734	3.427100893	1.594534464	1.922080577	0.852202785	4.098713554	7.32818005
A6V12_19	E1_p7	0.099460882	2.846410386	1.811255063	0.526668827	3.968685943	5.25237641	1.831507279	2.428445633	1.025655573	4.712263614	6.29883876
A6V12_20	E1_p8	0.035571755	1.809166997	1.135383865	0.488193637	3.292577951	2.991749836	1.92183448	3.82498142	1.033958099	5.307518593	5.915820377
A6V12_21	E1_p9	0	0.948428571	2.371071429	0.476677758	2.998454465	1.678864011	2.02775412	4.684841345	1.032700226	5.912255942	5.994752111
A6V12_22	E1_p10	0.021296055	0.955483006	0.370071154	0.557849575	7.451563685	6.835367011	1.44368723	3.834110356	1.274301768	4.949042551	2.731812467
A6V12_23	E1_p11	0.006944339	3.870913336	0.340851296	0.511603391	5.413466761	4.945684962	2.815206316	4.18050425	1.741689875	6.689476846	2.081631282
A6V12_24	E1_p12	0.00299918	6.464833307	1.015555805	0.514806404	0.233224459	0.070377464	6.366700227	4.123170263	1.593577312	9.452438608	4.619723035
A6V12_25	E1_p13	0.004595029	7.629586351	2.565047367	0.572073754	0.032089391	0	5.521001198	4.293340487	1.482043843	8.002369831	8.009745367
A6V12_26	E1_p14	0.004020856	7.741219082	3.154137766	0.369757502	0.06570977	0	2.645348046	2.275659378	0.793003251	3.229941196	6.729820223
A6V12_27	E1_p15	0	9.169135953	3.252965336	0.489376907	0.048923352	0	3.194812874	3.058299081	1.032220063	3.577436985	10.94092184
A6V12_28	E1_p16	0	7.240252041	5.723695869	0.506348419	0.048653683	0	3.350944922	3.436992773	1.047035113	3.542336337	12.25278119
A6V12_29	E1_p17	0	9.430902141	3.894071734	0.462968569	0.047812302	0	2.881880578	3.335009065	0.958478093	3.236245077	11.72122406
A6V12_30	E1_p18	0.007857508	6.968300117	4.665395446	0.438927914	0.056023722	0	2.779896628	3.01736379	0.916308662	3.328714682	11.99064524
A6V12_31	E1_p19	0	5.47343433	1.91051813	0.332730274	0.083485851	0	3.656157887	3.137459873	0.995307379	4.757089621	12.622349
A6V12_32	E1_p20	0	10.56051065	5.415073676	0.354899205	0.065948265	0	3.407482143	2.796941646	0.949855913	4.896335137	11.57881116
A6V12_33	E1_p21	0	11.21082904	5.789923476	0.361582052	0.05862382	0	3.224339347	2.354453085	0.962519399	3.953908435	11.89533736
A6V12_34	E1_p22	0	12.43485117	8.985556793	0.395553779	0.066434009	0	3.911828844	2.602146284	1.190823281	4.247350078	14.19477424
A6V12_35	E1_p23	0	13.62752338	5.145651884	0.366487009	0.019365029	0	3.443126088	2.206329179	1.111855889	3.421271342	12.6051915
A6V12_36	E1_p24	0	9.553742638	4.975331661	0.373189202	0.048833324	0	3.764512202	2.155083456	1.255292658	3.426823532	12.67293219
A6V12_37	E1_p25	0	11.74257416	4.299247018	0.387128814	0.035180571	0	4.983394019	2.74000057	1.497761489	4.353191097	13.72993806
A6V12_38	E1_p26	0	12.36378422	4.768846994	0.245492646	0.040482501	0	2.937587496	1.438687162	0.851930959	2.763621138	7.497727446
A6V12_39	E1_p27	0	14.23789959	3.481537498	0.387519555	0.024039393	0	5.441880253	2.485808904	1.414685843	4.343083074	12.17047831
A7V1_1	E2_c1	0.075300964	0.067147993	0.037653623	0.804430833	10.34458687	10.65168588	0.704899696	0.264725561	1.121541488	10.25470332	0.799807545
A7V1_2	E2_c3	0.423753237	11.24697591	6.030479399	0.66602092	1.265438269	0.674984667	1.252266184	7.011155519	4.390996239	1.898332218	10.80532901
A7V1_3	E2_c5	0.081277467	16.12870051	9.676353346	0.146227654	0.020248261	0	1.063116462	0.251645791	0.46887726	2.294077868	3.353670143
A7V1_4	E2_c7	0.018295712	39.33486572	0.061748028	0.066631684	0.065764992	0	4.698420579	2.163554082	1.493923751	11.55255194	9.26610468
A7V1_5	E2_c9	0	14.41693285	0.283071251	0.070045964	0.121299457	0	5.393744701	5.670323228	2.901582963	14.79287237	11.02935056
A7V1_6	E2_c11	0.124194151	23.23616121	3.103442489	0.183152572	0.063780485	0	3.920780277	5.258363833	2.194792862	10.98972758	10.48987431
A7V1_7	E2_c13	12.45895065	14.79955761	4.348793082	0.024065266	0.045723952	0.064229831	0	4.923568577	7.679862721	0.82994496	12.58760724
A7V1_8	E2_c15	8.134807512	14.75454231	5.863605847	0.025434794	0.030779882	0	2.372638296	2.079936388	0.814287135	18.19261274	12.78329376
A7V1_9	E2_c17	4.645483424	13.87857551	9.697468179	0.029735162	0.026483191	0	2.830355645	2.043164239	1.137578892	20.46022689	16.03833127
A7V1_10	E2_c19	8.92606631	12.03808638	8.892026227	0.017454953	0.024753464	0	2.213011784	1.397964813	0.913200126	17.22076936	15.24758628
A7V1_11	E2_c21	2.11916484	9.320417201	5.508297914	0.01975183	0.021004054	0	2.642363606	1.063634345	1.265630661	16.80557322	18.44883988
A7V1_12	E2_c23	4.459844712	9.302492762	5.546489416	0.01570805	0.017041892	0	2.25423239	0.840673388	0.92625891	14.74507595	15.98108022
A7V1_13	E2_c25	1.269845537	7.362715689	3.060500241	0.017496121	0	0	2.507116665	1.021210192	1.186826292	16.62311796	17.7546871
A7V1_14	E2_c27	3.364171675	9.735024745	5.186117744	0	0.032394551	0	2.232371528	1.178112089	0.81116236	15.19090229	15.39509425
A7V1_15	E2_c29	5.245162866	12.52478048	8.645803744	0	0.03680785	0	2.874938143	1.874222435	1.001796644	17.32391022	16.61998285
A7V1_16	E2_c31	4.843915328	15.39644492	6.369592974	0	0.036085191	0	2.535111964	1.610918205	0.740851251	16.69418216	14.85497583
A7V1_17	E2_c33	7.122732865	15.55576037	8.386194512	0	0.039771099	0	2.978885226	1.669271014	0.925872517	19.58856639	16.04605564
A7V1_18	E2_c35	7.288158744	13.04917663	4.499213033	0	0.032887223	0	2.582073532	1.643196329	0.687342422	18.06378186	13.57545629
A7V1_19	E2_c37	8.372442029	15.26377262	5.829491615	0	0.038754206	0	3.058932604	2.050738597	0.896302138	22.49650643	15.37806446
A7V1_20	E2_c39	10.42375151	15.49566745	4.360182293	0	0.033149615	0	2.548020921	1.969877039	0.695062896	20.5258305	12.97124623
A7V1_21	E2_c41	6.651716501	12.80964999	3.436385262	0	0.032302197	0	2.891647863	2.202505453	0.873211595	24.34788167	14.49548057
A7V1_22	E2_c43	8.178329813	11.25007155	9.677690279	0	0.032513868	0	2.436914796	2.051453398	0.673565752	20.90242177	12.4748346
A7V2_1	E2_c1	0.091719539	0.017576861	0.024409924	0.812623936	11.16507771	11.45642589	0.849877009	0.856461679	1.174775713	2.364104335	0.604123529
A7V2_2	E2_c3	0.455324821	13.75190677	6.409595927	0.682452973	0.317182661	1.980220218	5.395447402	2.206283986	2.676828385	12.13897125	5.057118348
A7V2_3	E2_c5	0.068587589	15.10562519	6.485923845	0.627173447	0.058902057	0	4.913227963	1.436535149	1.951146517	6.452213362	13.75891269
A7V2_4	E2_c7	0.018248907	38.44971742	0.047447159	0.076008153	0.072097445	0	4.686303441	2.451017446	1.516839957	9.99804221	8.869394109
A7V2_5	E2_c9	0	15.53103212	0.020421749	0.07035409	0.057640378	0	5.09086274	5.678588177	3.52519401	10.72484019	10.50746083
A7V2_6	E2_c11	1.5102128	20.76460523	1.54030762	0.069208275	0.049462479	0	3.90578237	5.84640094	3.019656405	9.416194758	9.751926553
A7V2_7	E2_c13	11.33927619	15.05933115	3.990608452	0.026523041	0.033299886	0	3.435375028	4.011386858	0.965628458	19.34712567	12.8318301
A7V2_8	E2_c15	5.751447705	13.63265425	7.080882064	0.028291134	0.030333531	0	2.383473539	2.338251536	0.820741354	17.54301686	13.06412877
A7V2_9	E2_c17	9.068821408	12.01369455	9.757693303	0.024675068	0.025905782	0	2.35128636	2.008035211	0.949647211	18.46409819	16.1072828
A7V2_10	E2_c19	6.341165916	12.26120467	12.03705634	0.022306884	0.024336789	0	1.827195707	1.440417327	0.861402878	16.29985641	14.84988812
A7V2_11	E2_c21	3.722526163	8.975752132	6.671216981	0.022815124	0.02165442	0	2.064771536	1.393902781	1.042272253	16.66091925	17.0216663
A7V2_12	E2_c23	3.827340186	9.567477307	6.664616833	0.017143329	0.018344191	0	1.746240902	0.860403866	0.914069406	14.65089608	15.68718692
A7V2_13	E2_c25	3.269944015	7.883947777	8.526911482	0.021628529	0	0	2.146713718	0.843313484	1.111219514	15.03746814	18.14298889
A7V2_14	E2_c27	2.4555601	5.689089701	4.41383382	0	0.0317275	0	1.831625086	0.884762567	0.866502679	14.02820039	16.4118513
A7V2_15	E2_c29	3.269183853	8.556622919	9.221046425	0	0.01965169	0	2.058250536	1.139601013	1.03067732	15.9941734	17.47197429
A7V2_16	E2_c31	6.035123622	10.89378911	8.068157021	0	0.022204496	0	1.985473567	1.361006239	0.779513442	15.39517312	15.01306714
A7V2_17	E2_c33	4.231922377	7.480580875	13.40851195	0	0.036664836	0	2.137434154	1.401770208	0.940134484	17.89152264	16.45435551
A7V2_18	E2_c35	4.204313925	7.022819193	8.677570864	0	0.03599802	0	1.914685177	1.442148415	0.732219328	16.41708689	14.53963475
A7V2_19	E2_c37	4.176705472	6.565057511	3.946629777	0	0.032851114	0	2.226541347	1.867520942	0.889610876	19.46126233	15.61269201
A7V2_20	E2_c39	6.63456384	9.40061066	6.483896376	0	0.044018845	0	1.922548703	1.864197577	0.701995915	18.21118143	13.70664737
A7V2_21	E2_c41	7.692787868	14.7129488	5.764853065	0	0.022670379	0	1.944672039	2.121358897	0.788950892	20.97053756	14.73009893
A7V2_22	E2_c43	9.211629961	9.861970123	5.956884488	0	0.028958839	0	1.765996478	2.223032012	0.635294668	19.87053295	13.16629928
A7V3_1	E2_c1	0.096325382	0.016282506	0.025047185	0.797195743	10.61163605	11.29874361	0.638188168	0.313748339	1.15617615	2.321026376	0.571594075
A7V3_2	E2_c3	0.356609387	10.60098449	5.293374731	0.670966474	0.228894004	1.734375514	5.21815505	2.028082622	2.539653845	12.02510533	5.143731727
A7V3_3	E2_c5	0.075643639	19.12082076	9.683436355	0.627351502	0.05603106	0	4.4426004	1.022818495	1.947109507	6.289941627	13.00006101
A7V3_4	E2_c7	0	45.77132344	0.068874322	0.064833802	0.069632949	0	4.658466789	2.202651872	1.515681302	9.050540929	9.010810232
A7V3_5	E2_c9	0	25.4333843	0.765937177	0.070053849	0.03632701	0	4.818827631	5.047782429	2.720212104	10.352882	10.21216101
A7V3_6	E2_c11	1.436719892	25.82651983	4.731669258	0.103187521	0.04781878	0	3.757813235	4.786270736	1.831669781	8.613370404	10.37155962
A7V3_7	E2_c13	10.0915944	12.05587637	4.582719707	0.027100775	0.029363915	0	3.209558518	3.061128311	0.899001127	17.69238523	12.89337881
A7V3_8	E2_c15	5.152384465	14.39468239	8.838927769	0.021333651	0.029055385	0	2.327461266	1.874826097	0.861046502	16.27344698	13.02384963
A7V3_9	E2_c17	5.010947031	9.989074761	7.287619318	0.026133052	0.02403219	0	2.444231228	1.751637691	1.025821634	17.14594168	15.98331999
A7V3_10	E2_c19	8.925850053	11.6737	8.411391836	0.021865614	0.024507797	0	1.846140771	1.144276505	0.892074865	16.41966412	14.52903947
A7V3_11	E2_c21	3.18501149	12.11511953	5.910349125	0.019491664	0.020607973	0	1.971136006	1.017764965	1.035887444	16.82714771	16.63176967
A7V3_12	E2_c23	3.606854392	7.895120342	5.743275919	0.018115525	0.016744999	0	1.686040518	0.71957226	0.920304079	14.53464043	16.02989952
A7V3_13	E2_c25	2.9678026	9.34436142	9.843814351	0.023543418	0	0	1.908652996	0.851546151	1.035722955	15.2302017	17.55617059
A7V3_14	E2_c27	3.32815234	7.947483228	5.442334008	0	0.034453399	0	1.819624812	1.043943297	0.831703003	14.45786022	15.98662912
A7V3_15	E2_c29	5.704849325	13.23430422	8.447540073	0	0.027487878	0	2.032500949	1.408861383	0.942983503	16.23488802	16.53752471
A7V3_16	E2_c31	4.714488733	10.06486046	5.761856778	0	0.03527168	0	1.984740808	1.421939827	0.764910815	15.88222749	15.14584204
A7V3_17	E2_c33	4.411508813	9.316313246	6.518625423	0	0.029683585	0	2.013210633	1.24171938	0.903701019	17.84702477	15.93672208
A7V3_18	E2_c35	8.516652104	12.66414501	4.535408912	0	0.038219789	0	1.857675944	1.349154256	0.758572786	18.0464243	14.10644199
A7V3_19	E2_c37	9.810849137	7.674881025	3.377394601	0	0.03445785	0	2.076823331	1.751053629	0.822726071	21.73999472	14.78659482
A7V3_20	E2_c39	9.871800863	6.560156038	6.538154932	0	0.038247319	0	1.818109659	1.915350838	0.683462462	21.32593699	12.65711966
A7V3_21	E2_c41	9.189135863	8.051519933	3.74582703	0	0.021245241	0	1.941088041	2.376910991	0.742639995	22.94904275	13.05286285
A7V3_22	E2_c43	10.52377895	8.662849726	5.014326098	0	0.022718603	0	1.831465654	2.207053204	0.613391487	20.42851759	12.21266006
A7V4_1	E2_c1	0.088001459	0.01531413	0.022259691	0.786691556	10.70866166	11.24247431	0.635121146	0.307963636	1.146846143	2.308642231	0.644419837
A7V4_2	E2_c3	0.5099073	12.31758678	6.256833538	0.665408774	0.239764808	1.777934365	5.191974919	2.15672012	2.533163532	11.9349989	5.150016959
A7V4_3	E2_c5	0.071686213	18.79421341	8.414368377	0.597763392	0.094898482	0	4.458264623	1.070409394	1.827899935	6.136141076	12.68673738
A7V4_4	E2_c7	0	34.31784535	0.042882407	0.068988091	0.072716396	0	4.717414808	2.432247454	1.494958149	9.126466851	8.976659688
A7V4_5	E2_c9	0	25.05958252	0.768166168	0.077677663	0.070968111	0	4.763081758	4.940119048	2.668596999	10.0533589	9.922184098
A7V4_6	E2_c11	5.589932347	17.04403254	4.12887748	0.027915086	0.02290073	0	3.68782813	4.579158655	0.79942253	10.10890806	10.24316595
A7V4_7	E2_c13	13.08094615	14.22253326	5.807965096	0.026500771	0.031483323	0	3.149097859	2.830723389	0.880712627	18.37770645	12.88809173
A7V4_8	E2_c15	3.432804284	18.30744814	11.71349807	0.024719031	0.028558983	0	2.532231823	2.308272767	0.921292063	15.77307309	13.52608669
A7V4_9	E2_c17	7.737676903	14.42659066	10.01101329	0.020957999	0.024430621	0	2.375538229	1.623490293	0.983933826	16.08934245	15.80125357
A7V4_10	E2_c19	11.51387847	15.20342223	10.45494183	0.022805435	0.023120917	0	1.874470641	1.1798049	0.878528584	16.22924758	14.86878837
A7V4_11	E2_c21	3.203531297	8.203910112	7.016935834	0.023429577	0.018712375	0	1.992582973	1.001607457	1.036359016	16.17908439	16.39920826
A7V4_12	E2_c23	3.310126482	8.626220215	5.519852674	0.017395469	0.01771929	0	1.776042258	0.722732028	0.954090521	14.30459539	15.69435088
A7V4_13	E2_c25	2.152795559	9.606885087	6.975876662	0.018147376	0.038483656	0	2.030367861	0	1.050992183	14.53527278	17.23113546
A7V4_14	E2_c27	3.434321893	9.483784435	5.676357668	0	0.03897532	0	1.926010496	0.955361422	0.819686369	14.31854247	15.92623246
A7V4_15	E2_c29	4.338619539	10.4263323	5.94402248	0	0.039415438	0	2.157594042	1.289035311	0.903395823	17.24737587	16.15678193
A7V4_16	E2_c31	4.622544643	12.03472738	6.969128719	0	0.043721782	0	2.284927349	1.543185126	0.723125315	15.82906518	14.24686501
A7V4_17	E2_c33	4.906469747	13.64312245	6.969128719	0	0.032108669	0	2.76250897	1.776022448	0.860386501	17.82467729	14.79527922
A7V4_18	E2_c35	5.568102287	12.75259882	6.657967596	0	0.042758967	0	2.650094875	1.829433558	0.693031713	17.36970723	13.35213417
A7V4_19	E2_c37	6.32824087	12.19004575	5.213812633	0	0.033288349	0	3.015013279	2.040402569	0.759334257	20.03890815	13.55384314
A7V4_20	E2_c39	7.088379453	11.62749268	3.769657669	0	0.03970363	0	2.790834755	2.376061069	0.617404662	19.90593686	11.71562739
A7V4_21	E2_c41	5.662421708	12.09961819	2.503791912	0	0.035178656	0	2.723665705	2.499012668	0.673391466	22.33422704	12.48051395
A7V4_22	E2_c43	10.04647742	10.18434076	3.136599819	0	0.034673197	0	2.45982995	2.374474441	0.553995037	21.51884275	11.9914739
A7V5_1	E2_c1	0.104801847	0.018344613	0.026660119	0.779214825	10.58780793	11.19553194	0.629824905	0.30658185	1.153753546	2.276648561	0.578183337
A7V5_2	E2_c3	0.295057328	10.75433087	5.977454481	0.660501108	0.049320841	1.428552609	4.93686598	2.050180591	2.445550388	12.18407851	5.471440248
A7V5_3	E2_c5	0.113630651	19.47394261	8.79919191	0.603995681	0.102092663	0	4.406748801	1.054765043	1.846094561	6.273722489	12.80951507
A7V5_4	E2_c7	0	46.34968385	0.076391537	0.077063935	0.062545406	0	4.67599236	2.089796958	1.496090611	9.270715196	8.944735135
A7V5_5	E2_c9	0	32.08526262	2.142910239	0.094991963	0.057817927	0	4.599928109	4.502966363	1.964658957	10.02490797	10.12388204
A7V5_6	E2_c11	0.989913825	24.82368976	6.793139977	0.131213484	0.049340699	0	3.686143964	4.2462443	1.464362487	8.161533393	10.76257154
A7V5_7	E2_c13	11.09803886	12.58606512	6.625797924	0.021967258	0.027209935	0	3.121824167	2.711231659	0.927264391	16.08488826	12.92348159
A7V5_8	E2_c15	3.89063815	13.18642868	7.867977203	0.016279628	0.045559481	0	1.648882519	0.837764954	0.908470165	15.05439807	11.01094272
A7V5_9	E2_c17	6.900621609	14.49622269	7.426045028	0.022868203	0.026041937	0	2.296558652	1.550787846	1.020149578	17.09678107	15.48028274
A7V5_10	E2_c19	7.145670472	13.09771958	9.530236911	0.019212871	0.023346287	0	1.709071908	1.086491041	0.924871437	15.05542743	15.34757214
A7V5_11	E2_c21	3.157075253	9.37148526	9.119867187	0.019653779	0.018374381	0	1.823976596	0.94822269	1.075309168	16.0816739	16.8884541
A7V5_12	E2_c23	2.856502207	8.266205255	5.532349502	0.011644349	0.013627578	0	1.681291018	0.954381856	0.93252009	14.58991599	15.81772205
A7V5_13	E2_c25	2.888866196	9.00274262	6.7400029	0.016457069	0.037428452	0	1.786759694	1.147095359	1.017943534	15.7555663	16.71458793
A7V5_14	E2_c27	3.617187437	6.753929308	7.14495477	0	0.043737	0	1.694581041	1.330165558	0.796345792	14.65827189	15.14762247
A7V5_15	E2_c29	3.382580154	7.745673494	5.23293851	0	0.042284159	0	2.059195189	1.466868321	0.904116329	16.03775289	15.69014143
A7V5_16	E2_c31	7.275619974	12.26881306	4.971673649	0	0.048095544	0	2.122892237	1.530823329	0.739373884	16.49309126	14.03740503
A7V5_17	E2_c33	4.890253942	9.511705847	2.634044066	0	0.03405907	0	2.293767887	1.666152982	0.799663763	20.28901808	14.69673478
A7V5_18	E2_c35	8.788240707	7.383467905	8.582022951	0	0.042247367	0	2.020994679	1.720378505	0.709821578	19.67887084	13.03997543
A7V5_19	E2_c37	6.157331999	12.4595424	4.240996245	0	0.035538171	0	2.212056763	1.84154506	0.788603788	20.97674242	14.01720299
A7V5_20	E2_c39	8.597669847	11.76901675	6.167782728	0	0.059522738	0	2.209861158	1.979900398	0.733574794	19.12803625	12.87188233
A7V5_21	E2_c41	7.520136612	10.54508253	5.673239857	0	0.043306617	0	2.216141832	2.070729747	0.776613295	19.85514993	13.02528555
A7V5_22	E2_c43	11.12835594	9.545625748	3.457476179	0	0.03443292	0	2.088793289	1.953201645	0.640908891	19.57573955	12.0336189
A7V6_1	E2_c1	0.108146372	0.017904303	0.02616773	0.78204873	10.90417537	11.28428719	0.632363053	0.311170327	1.172017215	2.306919773	0.572392074
A7V6_2	E2_c3	0.25446742	7.059653279	7.061903671	0.68112598	0.03373363	0.900127817	4.628213369	2.133779147	2.414127041	12.38688566	6.274735952
A7V6_3	E2_c5	0.09928846	20.48501454	9.871679917	0.595831026	0.09738901	0	4.189938701	1.044684154	1.833373347	6.299453174	13.45354033
A7V6_4	E2_c7	0.033618897	22.55731905	2.907234103	0.37992467	0.112603367	0	3.591095537	1.503862981	1.377211171	8.894415705	10.37751366
A7V6_5	E2_c9	0.496684817	19.47169128	5.270072875	0.267892868	0.071016856	0	3.69509634	3.509488619	1.419060529	9.810246905	11.40676033
A7V6_6	E2_c11	10.11196906	13.15844361	4.647996455	0.022931251	0.030801531	0	2.922476808	2.325159833	0.930273185	15.54960697	11.70998937
A7V6_7	E2_c13	2.914809531	13.98930843	7.745671873	0.018269625	0.031887208	0	2.545554674	1.818385842	1.065178296	16.25748422	14.33627581
A7V6_8	E2_c15	6.903303618	13.04678053	8.922558535	0.021050572	0.02766735	0	2.074200794	1.444822118	0.913205889	14.72140159	14.35799277
A7V6_9	E2_c17	3.701719613	11.79630269	9.908347593	0.018384648	0.026019901	0	2.030166332	1.164012863	1.08261868	14.73186549	17.03422666
A7V6_10	E2_c19	8.304807957	11.69230723	7.789032521	0.01763924	0.024545382	0	1.753396646	1.131324881	0.909894413	15.11070682	15.2517893
A7V6_11	E2_c21	4.239820268	6.491359382	4.413339163	0.018349269	0.019679055	0	1.599907711	1.243793803	0.965471932	16.0065927	16.38131397
A7V6_12	E2_c23	5.637421626	5.123712584	4.652812628	0.010639789	0.021642415	0	1.482723226	1.173661528	0.821981468	15.67536795	15.20686709
A7V6_13	E2_c25	5.427247457	7.727036343	6.302407968	0.015207539	0.017156322	0	1.535687287	1.185253647	0.950632052	16.5739363	16.70777307
A7V6_14	E2_c27	4.72030151	6.455639408	6.902300789	0	0.04104371	0	1.389771604	1.105292392	0.799013087	14.59584151	15.62784859
A7V6_15	E2_c29	4.577611221	5.075500753	3.502070749	0	0.037764617	0	1.425809966	1.125896657	0.862846142	15.67505512	16.6010633
A7V6_16	E2_c31	6.089109094	4.73927539	8.435039858	0	0.039274938	0	1.370672291	1.206830502	0.768612403	15.4289775	15.45145418
A7V6_17	E2_c33	7.48018225	9.416094655	6.889098936	0	0.044384872	0	1.358071045	1.072369794	0.866141902	16.61079433	16.36348032
A7V6_18	E2_c35	6.174063722	7.998648219	7.505655935	0	0.026144227	0	1.251898513	0.975761277	0.775349869	14.36308244	15.43752681
A7V6_19	E2_c37	5.85983953	6.279958875	5.85185247	0	0.027967052	0	1.277652733	1.073120451	0.831504882	15.18854892	16.13466166
A7V6_20	E2_c39	6.593167952	4.762326168	7.188387382	0	0.026724468	0	1.163114425	1.064987741	0.773064042	15.10607086	15.16948642
A7V6_21	E2_c41	7.326496373	3.244693462	8.524922294	0	0.024296894	0	1.154235168	1.114413027	0.829250801	15.99289531	16.03992796
A7V6_22	E2_c43	6.946610068	4.931591588	4.977637609	0	0.024846692	0	1.050381545	1.045728801	0.722393966	13.87865792	14.8915113
A7V7_1	E2_c1	0.081594701	0.018873499	0.02408297	0.769455035	10.66460689	11.21201157	0.626722737	0.300917799	1.147632653	2.291841208	0.48610908
A7V7_2	E2_c3	0.354359721	11.11914967	5.8298306	0.645695559	0.175241591	1.584810273	5.047626066	2.071662908	2.440183423	11.78487765	5.106334065
A7V7_3	E2_c5	0.034568476	10.97165034	4.825503254	0.617252661	0.065192343	0	4.551455158	1.120975941	1.951846592	6.326461473	12.79993495
A7V7_4	E2_c7	0	36.60910374	0.037940307	0.061925998	0.096528708	0	4.538002248	2.111721068	1.497945465	8.992840251	9.067931755
A7V7_5	E2_c9	0	37.89909723	1.881980885	0.079676615	0.072602481	0	4.773545831	4.879770444	2.421218526	10.42585664	9.857642299
A7V7_6	E2_c11	1.789034836	19.65468501	5.083180984	0.087151166	0.027805989	0	3.689619736	4.371263059	1.526285631	8.419581652	10.56263656
A7V7_7	E2_c13	15.88953846	12.91530509	4.626789484	0.023558219	0.026941809	0	3.167314249	2.696951312	0.926387254	16.81731521	12.98759987
A7V7_8	E2_c15	6.580490411	11.0983989	6.591138454	0.016438512	0.030893766	0	2.395136414	1.774873116	0.833592379	16.64916578	13.32447143
A7V7_9	E2_c17	8.683313355	14.34708136	12.80762214	0.015244513	0.024590115	0	2.43732712	1.484928008	0.962772943	17.87315677	15.97248493
A7V7_10	E2_c19	5.574488535	12.88606981	8.38629775	0.023694177	0.02349018	0	1.934013663	1.080778049	0.936860934	15.30057041	15.20821205
A7V7_11	E2_c21	3.266829388	9.584918387	6.27465075	0.017627224	0.015762638	0	2.200552377	0.965061162	1.110952036	14.68001476	17.88690161
A7V7_12	E2_c23	2.643387289	7.521156385	7.21987251	0.011703058	0.02909513	0	1.860392569	0.869751681	0.961996385	13.40850287	16.12444397
A7V7_13	E2_c25	6.155168623	18.3827473	12.58619914	0.019566645	0	0	2.114961325	1.236895048	1.07117053	16.32970215	18.0679005
A7V7_14	E2_c27	6.208692682	15.90820783	11.17637363	0	0.036171442	0	1.955823632	1.251068175	0.852734128	15.18153281	15.92000372
A7V7_15	E2_c29	4.082572263	14.22605887	6.420410443	0	0.023320035	0	1.947668573	1.191773096	0.917261758	15.39377449	15.97419002
A7V7_16	E2_c31	5.63151455	13.02454509	5.889567238	0	0.034136605	0	1.928645285	1.13283807	0.764671048	14.91746623	15.12984026
A7V7_17	E2_c33	5.86081581	13.15281774	7.034368047	0	0.031018206	0	2.368077916	1.584275483	0.757422827	16.99887694	13.89402199
A7V7_18	E2_c35	7.180456837	11.82303131	5.358724034	0	0.033460357	0	2.277463895	0	1.067720967	21.20377208	10.94060214
A7V7_19	E2_c37	6.09011707	13.2810904	8.179168855	0	0.040911578	0	2.507030588	1.873718962	0.742191578	19.15583283	14.40509504
A7V7_20	E2_c39	5.949030562	11.40190471	3.685834363	0	0.026495318	0	2.36643993	1.846738438	0.668433891	18.61275863	12.96429908
A7V7_21	E2_c41	6.200724225	12.84670023	5.203327672	0	0.034868786	0	2.50931714	1.983451808	0.73731719	20.06276522	13.67997131
A7V7_22	E2_c43	8.876324947	14.41072622	3.53377954	0	0.033976809	0	2.276422796	1.918961161	0.599234134	18.3317889	12.44713603
A7V8_1	E2_c1	0.083232728	0.015404576	0.022082663	0.752164072	10.44072793	10.9969656	0.610848621	0.291849362	1.114232919	2.250265676	0.596097949
A7V8_2	E2_c3	0.265859605	8.311332689	4.381729574	0.663556927	0.071634333	1.518604159	5.102216176	2.232345182	2.452050968	12.18682698	5.549575017
A7V8_3	E2_c5	0.041169342	8.736428431	5.034667444	0.589203721	0.098402627	0	4.31990664	1.047761489	1.830856554	6.082205794	12.6936735
A7V8_4	E2_c7	0	31.8750605	0.035856859	0.083040539	0.102746761	0	4.604989718	2.00275744	1.511530511	9.078564239	9.156731621
A7V8_5	E2_c9	0	28.77102284	0.656587262	0.074527933	0.067486314	0	4.548388411	4.66127273	2.472781036	9.820704107	9.926477147
A7V8_6	E2_c11	0.099548124	22.40737771	3.622948388	0.178571659	0.031733084	0	3.715275234	4.788037909	2.105883918	8.097639328	9.9952238
A7V8_7	E2_c13	8.199106906	18.19836749	3.709585332	0.017631618	0.026188309	0	3.378865452	3.457633931	0.922595406	14.84927295	12.25596721
A7V8_8	E2_c15	4.902679907	11.12951471	4.646882702	0.020579941	0.032361538	0	2.478666161	2.246820832	0.861720123	16.82306853	12.56655315
A7V8_9	E2_c17	5.280493191	13.95852077	9.969537776	0.019725043	0.024685038	0	2.400512018	1.85978218	0.999768815	16.34424331	15.59525339
A7V8_10	E2_c19	5.537167418	15.86203799	7.911011653	0.019199108	0.022407697	0	1.876075327	1.258940444	0.900505629	15.48834562	14.69900303
A7V8_11	E2_c21	2.472553964	7.670984904	5.691551238	0.020847804	0.017029676	0	2.168971196	1.057071777	1.046838773	14.70497869	17.25051435
A7V8_12	E2_c23	4.115859336	8.167816348	5.877754046	0.012403233	0.039011575	0	1.746651027	0.793669319	0.873101795	13.46676797	15.91909422
A7V8_13	E2_c25	2.864436871	9.554987566	6.337852604	0.015115879	0	0	1.925366643	1.130979125	0.996503647	14.76018823	16.93999824
A7V8_14	E2_c27	3.219772748	9.075766427	5.580854115	0	0.041101775	0	1.815366017	1.148827715	0.826187002	14.50007934	15.54200967
A7V8_15	E2_c29	5.346319886	9.544484978	9.912968123	0	0.03609471	0	1.947775227	1.288795737	0.920746209	15.23069055	16.06019431
A7V8_16	E2_c31	3.882248358	8.127373538	5.973830043	0	0.039452087	0	1.833657175	1.196614261	0.806271262	14.67753415	15.28724255
A7V8_17	E2_c33	3.715778038	12.48554789	5.946134335	0	0.046680369	0	2.048189833	1.508302359	0.746943122	15.84487679	14.24020725
A7V8_18	E2_c35	6.668847659	10.72518285	5.842927707	0	0.024919082	0	2.409002905	0	1.140059959	23.53493877	11.19052683
A7V8_19	E2_c37	3.492644437	8.325635482	3.254075828	0	0.048081875	0	2.21795213	1.8581356	0.752220613	18.66799209	14.39417546
A7V8_20	E2_c39	8.498418386	12.01919172	4.760975263	0	0.029699935	0	2.007342439	1.890098404	0.643915904	18.36232726	12.86113914
A7V8_21	E2_c41	7.941967121	9.530360546	4.828515344	0	0.032034247	0	2.073773391	1.980737408	0.706068705	19.74688331	13.45893397
A7V8_22	E2_c43	8.957434996	10.52386681	6.157676907	0	0.025494119	0	1.867722509	1.891933138	0.59090023	18.60894731	12.18398676
A7V9_1	E2_c1	0.072499015	0.017544633	0.023063255	0.762954011	10.78542777	11.23267894	0.623181189	0.29796296	1.148340691	2.255440465	0.507558705
A7V9_2	E2_c3	0.35558822	11.41298191	7.32875721	0.65307704	0.098600818	1.569994747	5.00943498	2.176100922	2.470032282	11.85098637	5.36670245
A7V9_3	E2_c5	0.067024034	16.99394392	7.624914801	0.60426014	0.062160611	0	4.414615155	1.134058074	1.885259597	6.112299307	12.51860936
A7V9_4	E2_c7	0	34.87612279	0.063739928	0.067779786	0.087477794	0	4.380965129	1.991122319	1.522005868	8.843205935	9.458031417
A7V9_5	E2_c9	0	30.27513871	1.757401691	0.086797944	0.078985422	0	4.509491427	4.599008919	2.26221802	9.7526572	10.24415171
A7V9_6	E2_c11	4.961722172	15.4857324	4.506931229	0.020063434	0.024426092	0	3.679120478	4.187090107	0.79612656	10.37475211	10.34103607
A7V9_7	E2_c13	10.78502076	18.5386631	5.670038484	0.023322883	0.026141606	0	3.051304377	2.640561324	0.88915041	17.50246041	12.70478784
A7V9_8	E2_c15	4.537523185	17.50516559	8.119172197	0.019350444	0.026443179	0	2.506652349	1.957454483	0.898910815	14.94975526	13.3772751
A7V9_9	E2_c17	6.42467098	13.23090348	8.896227124	0.020358254	0.022097371	0	2.388930508	1.556653598	1.007585101	16.81463848	15.76570202
A7V9_10	E2_c19	3.847801913	14.21499536	9.630305629	0.015909012	0.021476074	0	2.229897114	1.281823541	0.911181935	14.3950443	14.79924246
A7V9_11	E2_c21	3.370959102	13.01087395	6.752322398	0.016648154	0.017743611	0	2.431190799	0.996152485	1.068307472	14.87615306	16.82153105
A7V9_12	E2_c23	2.834947328	8.476323331	4.750288979	0.01345946	0.015058448	0	2.236551	1.020986067	0.924901087	13.91699302	15.7265786
A7V9_13	E2_c25	2.995948778	14.38988005	6.020393394	0.01690426	0	0	2.305048283	1.138336391	0.98266181	15.8471278	16.37319457
A7V9_14	E2_c27	2.526650274	9.000092068	5.0760495	0	0.048741344	0	2.216263409	1.551530778	0.813728028	15.04004728	14.59728176
A7V9_15	E2_c29	0	0	0	0	0.032288882	0	2.760441224	1.706309715	0.893080869	16.33263717	14.79540416
A7V9_16	E2_c31	5.28777242	15.36741936	7.236679519	0	0.037026421	0	2.589312211	1.571600441	0.747335644	15.47702552	13.9769018
A7V9_17	E2_c33	4.136224848	13.09078882	8.369808205	0	0.027655231	0	2.642820068	1.530138157	0.747301384	16.7410315	13.44352199
A7V9_18	E2_c35	3.676392876	8.513869105	3.280737675	0	0.016114852	0	2.686979719	0	1.125843881	23.7872911	11.18248184
A7V9_19	E2_c37	6.328727463	16.98993758	6.258300335	0	0.034562257	0	2.732253979	1.788581162	0.783495396	18.99173962	13.84656786
A7V9_20	E2_c39	5.548097441	16.36103053	3.583959725	0	0.049236912	0	2.456346638	1.921321043	0.652637301	18.66188672	12.55162532
A7V9_21	E2_c41	6.563123215	11.89068082	4.463220839	0	0.025619759	0	2.58371733	1.92234344	0.728586888	20.18336696	13.21065006
A7V9_22	E2_c43	7.80869617	8.375019927	6.495434974	0	0.052161297	0	2.201814638	1.883062684	0.590091927	20.12968519	11.87508479
A7V10_1	E2_c1	0.088580085	0.017463104	0.023694689	0.756830266	10.57571623	11.08642997	0.623541364	0.302001415	1.138740376	2.348320236	0.570142714
A7V10_2	E2_c3	0.352835682	13.02426985	5.981574605	0.655361326	0.332490497	1.925328599	5.323327638	2.206723704	2.571551801	11.68358983	4.844113138
A7V10_3	E2_c5	0.180461699	24.10170472	3.01538744	0.604678694	0.058567741	0	4.630684799	1.14009584	1.942378497	6.192253705	12.60840876
A7V10_4	E2_c7	0.008087716	35.17913958	0.049200274	0.079716366	0.111168235	0	4.586835845	2.462657871	1.472898231	8.873897358	8.85966424
A7V10_5	E2_c9	0	28.42511808	0.535264957	0.077546974	0.06684109	0	4.780763148	5.233591585	2.876167356	10.32372314	9.382336694
A7V10_6	E2_c11	0	29.71389921	5.638984036	0.188681739	0.030007274	0	3.869220159	5.099438126	2.368588406	8.334081522	10.05636368
A7V10_7	E2_c13	2.761294232	19.12365061	8.773713312	0.043262769	0.022988613	0	3.749839755	4.509074456	1.48608714	8.687276826	12.45646718
A7V10_8	E2_c15	12.52944538	15.90307171	5.034010373	0.021808818	0.026190776	0	2.657343607	2.586076166	0.762025335	15.77288367	12.27139481
A7V10_9	E2_c17	10.0136175	10.67123993	7.007044233	0.01847916	0.029036512	0	2.384510396	1.837999646	0.907313395	20.12520995	14.11239787
A7V10_10	E2_c19	7.789861775	11.23503484	11.01179738	0.023028521	0.026126325	0	2.23003534	1.248342476	0.864682189	17.26008408	13.73644607
A7V10_11	E2_c21	2.841902029	7.045194252	3.474786399	0.014540135	0.020555039	0	2.15197717	1.183031537	0.983967143	17.40173415	15.71102882
A7V10_12	E2_c23	2.94114171	9.069712798	6.73587982	0.019063718	0.017436864	0	2.377559794	0.955148423	0.918458444	13.71885627	15.38509429
A7V10_13	E2_c25	3.108646167	9.641181493	7.992966593	0.016607393	0	0	3.078756507	1.245799743	1.020086611	14.35490399	16.64245222
A7V10_14	E2_c27	2.508242765	9.965779167	5.685859296	0	0.048009642	0	2.744763179	1.14322471	0.798875209	12.85392679	14.83668284
A7V10_15	E2_c29	2.711251647	15.10170703	6.454687755	0	0.041068643	0	2.908088668	1.600944996	0.868161246	15.23027823	15.55899996
A7V10_16	E2_c31	4.105482896	15.42600075	7.788449681	0	0.030708963	0	2.563996468	1.72078525	0.744602343	14.87357774	14.32900619
A7V10_17	E2_c33	3.925910942	9.193025129	12.66911456	0	0.041709224	0	2.56277489	1.680894491	0.733295791	16.31656344	13.72377179
A7V10_18	E2_c35	5.80257033	10.78243435	8.540983189	0	0.017351775	0	2.677550461	0	1.042990663	19.91317683	11.43590216
A7V10_19	E2_c37	7.690134761	12.65787341	7.343115895	0	0.038585459	0	2.622959095	1.844899554	0.73220555	18.37718029	13.81974573
A7V10_20	E2_c39	9.514075011	15.35615411	7.179680723	0	0.047297817	0	2.292897844	1.890375217	0.650152149	18.81304403	12.77107424
A7V10_21	E2_c41	7.679229718	12.37184356	4.41285182	0	0.051089957	0	2.381960114	1.988751484	0.689445267	20.40763954	12.93875393
A7V10_22	E2_c43	9.577699191	14.53331247	6.145248601	0	0.033997068	0	2.151447982	1.836663889	0.595901861	19.07194562	12.21627144
A7V11_1	E2_c1	0.092134956	0.017968004	0.024338703	0.743860901	10.44088976	10.9646961	0.614491483	0.293392497	1.136615948	2.310634227	0.778971951
A7V11_2	E2_c3	0.321135757	12.12277123	6.175820443	0.655431007	0.36236306	1.938765943	5.446223084	2.212064653	2.585337901	11.73750311	4.958549568
A7V11_3	E2_c5	0.091979827	18.03264501	9.122975304	0.585016025	0.055772432	0	4.465108414	1.097271975	1.864110867	6.022635334	12.42502586
A7V11_4	E2_c7	0.016388184	39.57855789	0.054627281	0.085259039	0.106914195	0	4.733468265	2.412405721	1.512594139	9.006060274	8.842605045
A7V11_5	E2_c9	0	27.58005757	0.016277789	0.048017025	0.114333886	0	4.721495636	5.257758789	3.342673611	10.35996987	9.123465777
A7V11_6	E2_c11	0	16.31488153	0.009112804	0.102009426	0.128627914	0	4.005244625	6.286773459	4.530896178	9.212765788	8.788892789
A7V11_7	E2_c13	0.037322727	10.8982364	0.060822222	0.05109382	0.044541652	0	3.986501718	7.583156582	5.138655893	9.458408139	10.0678308
A7V11_8	E2_c15	9.310804369	18.47500052	3.040544157	0.02181141	0.026402412	0	3.243754853	6.178064162	0.811021339	13.65277529	9.920911709
A7V11_9	E2_c17	8.617452189	11.11300729	4.723913834	0.016235887	0.028173016	0	2.532815987	3.958426534	0.732843602	20.04454285	12.47624295
A7V11_10	E2_c19	4.884093274	13.23795931	10.50827705	0.025562857	0.024116303	0	2.169815636	2.784635995	0.75396001	16.65920684	13.3619458
A7V11_11	E2_c21	7.959651357	7.954941504	7.584433078	0.02465049	0.016713369	0	1.899115199	2.090564793	0.805648769	17.86445312	15.25887242
A7V11_12	E2_c23	7.199714128	8.231927436	5.97082613	0.022763038	0.01655436	0	1.763595732	1.406204974	0.800306582	17.06746532	14.67087819
A7V11_13	E2_c25	3.184716984	7.962850506	7.630271534	0.022788369	0.03465915	0	1.945196043	1.011012052	0.92447289	18.38610398	16.30454622
A7V11_14	E2_c27	3.573994745	8.412124669	5.157769957	0	0.025085496	0	1.788497737	0.877054529	0.831705779	14.93683181	15.32059842
A7V11_15	E2_c29	2.295161586	11.89941158	10.5464472	0	0.026624006	0	2.119474269	0.986563885	0.928434257	15.56496129	16.32216306
A7V11_16	E2_c31	3.835262105	12.10066218	9.295043954	0	0.033981923	0	2.118932357	1.13985984	0.787859657	14.93358205	15.0771009
A7V11_17	E2_c33	5.375362625	12.30191279	8.043640712	0	0.037902999	0	2.334643241	1.566897048	0.708735529	18.6779394	13.83769881
A7V11_18	E2_c35	4.448961082	15.55476318	4.791348478	0	0.038702786	0	1.388323679	0	1.112634019	26.53897294	9.992466805
A7V11_19	E2_c37	6.134891004	16.17675792	5.168377864	0	0.03858712	0	2.476907698	1.807679386	0.73681555	19.33909742	13.67804573
A7V11_20	E2_c39	7.878854923	13.70034811	5.272131418	0	0.036245602	0	2.310148376	1.842696467	0.655560132	19.44262285	12.63855748
A7V11_21	E2_c41	12.27838893	11.82436006	5.849455662	0	0.018549644	0	2.415150222	1.932345932	0.666495169	21.21625644	12.93808604
A7V11_22	E2_c43	10.78959718	11.26247945	4.506173987	0	0.056212959	0	2.230063771	2.093479107	0.570816962	22.00452719	11.67489717
A7V12_1	E2_c1	0.104605102	0.01899818	0.027213599	0.79988148	11.35654098	11.74442431	0.661642288	0.313787884	1.214557638	2.517077618	0.520954213
A7V12_2	E2_c3	0.375499541	13.51337612	5.792598747	0.671742071	0.755457416	2.455351864	5.511800957	2.485186565	2.689573697	11.5829688	4.631843341
A7V12_3	E2_c5	0.064816245	17.79649412	8.076161015	0.637950813	0.054144636	0	5.07586546	1.388299776	2.085036927	6.637601722	12.77843388
A7V12_4	E2_c7	0	42.02234086	0.069855064	0.102518341	0.120510837	0	4.919644822	2.592708139	1.563019263	9.180725482	9.214993241
A7V12_5	E2_c9	0	24.75878148	0.217539711	0.054318767	0.063417629	0	5.152971752	5.631626188	3.171888538	11.56307132	9.337811359
A7V12_6	E2_c11	0	23.09697322	4.342799666	0.176426936	0.054322476	0	4.065246309	5.492618998	2.675269193	9.283928522	9.467232119
A7V12_7	E2_c13	6.887819358	12.12603076	6.239092487	0.018301079	0.024984955	0	4.008075445	4.840343845	0.964311181	14.99144536	12.11084325
A7V12_8	E2_c15	12.18264738	9.755249182	6.050317485	0.026853194	0.028532595	0	2.594239992	2.676567944	0.730260018	20.71342682	12.20513873
A7V12_9	E2_c17	5.375106503	14.59538667	10.61768458	0.02206252	0.027707278	0	2.647897699	2.052658185	1.02436166	19.54337781	15.00668774
A7V12_10	E2_c19	9.929763582	12.81312897	11.49137554	0.016006497	0.023337276	0	2.369851144	1.432075019	0.852973057	16.08139456	14.41621948
A7V12_11	E2_c21	6.697067722	7.908978186	8.27718015	0.030320947	0.022212806	0	2.224024208	1.384380935	0.94861648	21.93309947	15.9745281
A7V12_12	E2_c23	4.671900025	8.861140179	5.908916477	0.023299737	0.019423351	0	2.093954641	1.168884465	0.873392166	17.67909154	15.21098283
A7V12_13	E2_c25	4.736401188	9.709456246	7.08465904	0	0.02964777	0	2.121671916	0.91336102	0.979452066	18.1168705	16.89635301
A7V12_14	E2_c27	3.025972918	10.42368921	5.077915425	0	0.04407019	0	1.670143038	0.771677821	0.626351158	10.91488842	11.88701768
A7V12_15	E2_c29	3.812289034	12.94654769	5.870642955	0	0.049585505	0	2.644087984	1.341495966	0.898286488	24.30964989	16.00865752
A7V12_16	E2_c31	4.598605149	15.46940617	6.663370484	0	0.076595825	0	2.385702915	1.68232052	0.696047318	20.80089383	14.36025275
A7V12_17	E2_c33	6.796490719	15.84386223	8.72500511	0	0.029207779	0	2.354516623	1.548124519	0.764612062	17.53757158	14.10480672
A7V12_18	E2_c35	8.249525876	11.06738423	7.273059154	0	0.029415948	0	2.399187869	0	1.335702108	21.21441392	11.5142519
A7V12_19	E2_c37	11.63075345	11.40311078	5.97218708	0	0.027124199	0	2.452893642	1.669008498	0.766875102	22.54614154	14.40606793
A7V12_20	E2_c39	15.01198103	11.73883734	4.671315007	0	0.043649853	0	2.292797002	1.868250155	0.679712942	22.43454767	12.55315035
A7V12_21	E2_c41	13.54609623	10.34559361	6.662006034	0	0.036786241	0	2.287042531	1.832683599	0.704165499	24.4947723	12.29957753
A7V12_22	E2_c43	11.01501551	10.76316734	4.086962874	0	0.029642141	0	2.061935533	1.586222394	0.604374533	22.47934977	11.38928864
A7V13_1	E2_c1	0.041286829	0.037493668	0.026927089	0.240036229	7.914941161	10.91950799	0.749123747	1.788858781	0	1.725057612	0
A7V13_2	E2_c2	0.238387632	0.685135222	0.305561497	0.239807733	7.539397633	10.47982097	0.311410507	0.976972865	0.61593772	2.481191795	0
A7V13_3	E2_c3	0.350417079	11.01697417	5.304828843	0.229208592	0.063591115	1.372288664	4.299358618	2.98374184	1.468989984	10.55277996	5.338429699
A7V13_4	E2_c4	0.260116169	10.02332751	7.214534089	0.222965063	0	0	3.639114853	1.962287001	1.312828649	7.187897718	9.376767582
A7V13_5	E2_c5	0.058981087	14.61737581	7.491115371	0.283575636	0	0	3.662037429	1.648090586	1.200654929	5.278218148	12.47021725
A7V13_6	E2_c6	0.031104613	27.26008285	0.236740666	0.200197385	0.028809999	0	3.863663308	1.832038188	0.996093157	6.554163184	11.05677076
A7V13_7	E2_c7	0	37.5485918	0.048994744	0	0.022995828	0	3.995622164	3.127640347	0.913386827	8.33365294	9.088454419
A7V13_8	E2_c8	0	31.15550818	0.389859703	0	0.024562996	0	3.551646589	4.341281062	1.286644656	8.691005869	8.401427017
A7V13_9	E2_c9	0	25.89114989	1.785210705	0	0	0	3.614493856	5.304122189	1.402607291	9.442125862	9.711091605
A7V13_10	E2_c10	0	28.00111239	3.427599041	0	0	0	3.177038495	5.252916125	1.255866485	8.329513492	10.11793535
A7V13_11	E2_c11	0.03094526	24.30688301	5.432956189	0	0	0	3.038673286	5.126838538	1.173820522	8.184769599	11.12530796
A7V13_12	E2_c12	1.39027223	19.28498405	7.065854158	0	0	0	2.780360944	4.788281864	0.852896313	7.143877215	11.5924473
A7V13_13	E2_c13	10.5180668	13.27162415	6.407557933	0	0	0	2.764352411	4.129048236	0.414391684	10.84924559	12.12102695
A7V13_14	E2_c14	15.02875047	12.58017187	5.96506923	0	0	0	2.311050776	3.135650734	0.367347132	14.30109595	10.99523584
A7V13_15	E2_c15	16.62805377	9.916926943	5.429568577	0	0	0	2.060292521	2.461676057	0.386371749	16.44547086	11.40208418
A7V13_16	E2_c16	9.283660415	9.465722074	5.372797874	0	0	0	1.917819309	2.122608416	0.366819011	17.00180431	11.39737772
A7V13_17	E2_c17	5.694894245	13.50402351	8.417705635	0	0	0	1.830287272	1.709191863	0.509645126	17.58729279	13.26537013
A7V13_18	E2_p1	9.218419638	12.50235407	9.13224499	0	0	0	1.66793471	1.713073581	0.497205797	16.94535398	12.85806612
A7V13_19	E2_p2	15.57692687	8.410770193	12.19853298	0	0	0	1.574490497	1.497260061	0.477687398	16.84336111	12.96529403
A7V13_20	E2_p3	9.451562038	9.598281061	8.965438583	0	0	0	1.399199605	1.485852869	0.435023006	17.30061566	16.63224004
A7V13_21	E2_p4	3.326197205	10.78579193	5.732344183	0	0	0	1.331780333	1.419459005	0.492868829	18.51650952	16.92993856
A7V13_22	E2_p5	0.919566814	14.84199798	2.241246608	0	0	0	3.014033126	3.06088989	0.468483795	14.61954457	10.38942634
A7V13_23	E2_p6	0.943194666	23.41323558	2.15362782	0	0	0	2.864340757	1.886989343	1.43878327	13.95818565	10.96392222
A7V13_24	E2_p7	0.261647068	21.94222154	0.574169956	0	0	0	3.096332028	0	0.823199476	13.33211201	11.24009211
A7V13_25	E2_p8	0.126191324	33.54305592	0.577208461	0	0	0	3.155548332	0	0.920419745	13.98989495	12.80619951
A7V13_26	E2_p9	0.151772832	35.42844882	0.527313299	0	0	0	2.962641393	0	0.998950244	13.28084867	12.6807769
A7V13_27	E2_p10	0.164761963	36.09807875	0.673834183	0	0	0	2.82952063	0	1.420507512	13.28811351	13.76626958
A7V13_28	E2_p11	0.308664706	34.18695453	0.67500918	0	0	0	2.684965065	0	1.434644068	12.95862604	13.21006853
A7V13_29	E2_p12	0.237105764	23.16137326	0.407123463	0	0	0	2.748259999	0	1.267865307	13.58459349	14.8962784
A7V13_30	E2_p13	0.874680837	21.20285649	0.369803857	0	0	0	2.48668802	0	0.849605005	13.78552081	13.35140014
A7V13_31	E2_p14	3.267335672	12.19991809	0.53336644	0	0	0	2.246045287	0	0.606885773	15.60841928	12.31542497
A7V13_32	E2_p15	6.062156818	15.65838722	0.79599942	0	0	0	1.882136409	0	0.603509654	17.20955736	12.32627105
A7V13_33	E2_p16	9.762447398	14.48591181	0.695654421	0	0	0	0.895225644	0.210034034	0.436221683	14.87761005	16.03683381
A7V13_34	E2_p17	8.085100902	15.88978803	0.372907977	0	0	0	1.388663748	0	0.618366873	19.95082313	11.46417399
A7V13_35	E2_p18	7.174819857	10.59932325	0.510286436	0	0	0	1.23280784	0	0.610228313	20.94559946	10.81793652
A7V13_36	E2_p19	9.211221505	12.68845762	0.574102174	0	0	0	1.132905929	0	0.570387665	21.79052144	9.852757612
A7V13_37	E2_p20	7.264290582	9.90050718	0.476892359	0	0	0	1.110076931	0	0.623870144	22.83818551	11.91443054
A7V13_38	E2_p21	7.825559881	13.31453045	0.992043305	0	0	0	1.058452883	0	0.615474845	22.35335441	10.76304467
A7V13_39	E2_p22	4.710758103	12.66082402	0.885945143	0	0	0	0.981604667	0	0.646187482	21.06745059	10.94592963
A7V13_40	E2_p23	3.585724516	13.55333212	0.706546703	0	0	0	0.935663463	0	0.62359947	20.78342722	9.996099314
A7V13_41	E2_p24	5.586135605	10.67087675	0.661090701	0	0	0	0.898514968	0	0.681770055	20.70848856	12.45715712
A7V13_42	E2_p25	5.894439134	8.925014407	0.845134231	0	0	0	0.825857141	0	0.69289415	19.7391631	11.03002947
A7V13_43	E2_p26	7.076201297	10.2478823	0.715779272	0	0	0	0.85961225	0	0.721639619	20.30104898	11.02745438
A7V13_44	E2_p27	7.076201297	10.2478823	0.715779272	0	0	0	0.847577184	0	0.672172097	20.40801455	10.04084973
A7V14_1	E2_c1	0.061546824	0.020981609	0.023987895	0.253243764	7.889784999	11.11655834	0.554689482	1.157942585	0.566419489	1.739604635	0
A7V14_2	E2_c2	0.216241472	0.671454159	0.275396251	0.246942302	7.507564146	10.58206667	0.316714956	0.986168093	0.625230901	2.51732013	0
A7V14_3	E2_c3	0.415923331	12.21170245	6.190083761	0.230468867	0.088392658	1.436791006	4.207973197	2.988415949	1.466580895	11.52140324	5.165711437
A7V14_4	E2_c4	0.217960405	10.5814417	7.835259702	0.226838728	0	0	3.65518496	1.891695639	1.280914138	7.211522805	9.181890006
A7V14_5	E2_c5	0.081164148	17.21443845	8.036046424	0.283850064	0	0	3.635532221	1.686389876	1.169253583	5.323485652	12.15289362
A7V14_6	E2_c6	0	31.35913177	0.271561893	0.181474229	0.030201014	0	3.817681429	1.821714032	1.010161508	6.476771666	11.17510475
A7V14_7	E2_c7	0	42.23664191	0.07372504	0	0.019435934	0	3.829510151	3.055038203	0.944901743	8.138877877	9.178682852
A7V14_8	E2_c8	0	27.25197759	0.106202694	0	0.017951907	0	3.569159593	4.194091009	1.351799022	8.404568857	8.557894074
A7V14_9	E2_c9	0	27.41791704	0.939856264	0	0	0	3.573986845	5.368689504	1.555383391	9.342532283	9.831028705
A7V14_10	E2_c10	0.030715183	29.60636455	3.73445429	0	0	0	3.257208078	5.376751541	1.430401289	8.900763115	9.811825283
A7V14_11	E2_c11	1.036002535	17.00262984	3.485604837	0	0	0	2.954906983	5.296202189	0.997703582	8.221483168	10.75516504
A7V14_12	E2_c12	9.627530443	18.30556002	4.933552203	0	0	0	2.633251799	4.366591947	0.254364402	12.88215674	10.04007251
A7V14_13	E2_c13	14.30053859	16.4545654	5.066501466	0	0	0	2.409870906	3.481148359	0.326618739	15.20286718	10.72798921
A7V14_14	E2_c14	12.66082462	14.01540143	4.288909102	0	0	0	2.033499323	2.789418708	0.381395001	17.26223464	10.96227868
A7V14_15	E2_c15	9.7535287	13.28706865	5.835790865	0	0	0	1.868074202	2.338847588	0.385774244	17.54076489	11.02721552
A7V14_16	E2_c16	6.826330097	12.7575217	8.160210691	0	0	0	1.743208555	2.22308274	0.433042113	17.92747567	11.07493423
A7V14_17	E2_c17	6.67833727	14.59001263	9.468458016	0	0	0	1.628393557	1.856936463	0.524599991	17.53866791	14.52260495
A7V14_18	E2_p1	9.477715722	10.54881982	8.409204199	0	0	0	1.511781456	1.657504346	0.487900881	16.98681926	12.85615615
A7V14_19	E2_p2	10.81522569	9.127128706	10.48974038	0	0	0	1.369234419	1.361533924	0.46867914	16.90305641	12.85776754
A7V14_20	E2_p3	10.74488023	8.37833467	8.964404587	0	0	0	1.255649404	1.430800021	0.416674472	17.65227458	16.95003954
A7V14_21	E2_p4	3.895308953	10.86696434	5.730742621	0	0	0	1.164189765	1.257837575	0.487818427	18.69352905	17.11839172
A7V14_22	E2_p5	1.123400213	18.14957767	2.334599124	0	0	0	2.907699749	3.129052887	0.318757585	15.07404778	10.42342255
A7V14_23	E2_p6	1.611244482	20.21920516	2.561411083	0	0	0	2.678492288	1.59198842	0.358698761	15.0034906	11.70536376
A7V14_24	E2_p7	0.448056216	14.09053825	0.952534325	0	0	0	3.081373075	0	0.568400801	14.75380638	10.00333953
A7V14_25	E2_p8	0.097333876	12.99866362	0.405251734	0	0	0	2.899340491	0	0.737280259	14.09517489	13.64017356
A7V14_26	E2_p9	0.121158788	17.0818746	0.744621717	0	0	0	2.645684816	0	1.030038955	13.1099986	13.34772812
A7V14_27	E2_p10	0.109330926	17.03813149	0.55977434	0	0	0	2.64473545	0	1.165805382	13.01511272	13.76850567
A7V14_28	E2_p11	0.043204284	11.62411267	0.3378335	0	0	0	2.51530314	0	1.356068832	12.66012561	11.54244381
A7V14_29	E2_p12	0.826010724	22.18537726	0.601505245	0	0	0	2.589815639	0	1.371125796	13.2954214	15.42226366
A7V14_30	E2_p13	0.736275834	19.22210575	0.364268599	0	0	0	2.45600814	0	0.920318118	13.72819035	13.94148071
A7V14_31	E2_p14	3.800630228	18.24563721	0.679150419	0	0	0	2.221163544	0	0.643990291	15.35594737	12.48118
A7V14_32	E2_p15	3.994941786	12.34428672	0.325266659	0	0	0	1.869112944	0	0.621409351	16.93162789	11.40697438
A7V14_33	E2_p16	7.949273238	13.3323025	0.398666535	0	0	0	1.226472817	1.115714542	0.467560035	14.03107514	1.84188455
A7V14_34	E2_p17	8.974453787	16.3729325	0.334908318	0	0	0	1.446208767	0	0.723766772	20.94384113	11.82778684
A7V14_35	E2_p18	7.599639556	11.35901645	0.190141895	0	0	0	1.236521268	0	0.64439701	21.89478732	11.92455636
A7V14_36	E2_p19	7.713948953	15.96153004	0.354766548	0	0	0	1.108734954	0	0.595497866	22.86762945	9.893635739
A7V14_37	E2_p20	9.986376587	9.036157724	0.353053718	0	0	0	1.067097861	0	0.644385485	24.13261887	12.32105563
A7V14_38	E2_p21	9.637616702	10.02110302	0.462538323	0	0	0	0.972344187	0	0.637544349	23.05730363	10.71830344
A7V14_39	E2_p22	8.288440041	10.33347726	0.465096719	0	0	0	0.921797679	0	0.607453733	22.82811384	11.10868238
A7V14_40	E2_p23	3.582248839	9.714804275	0.220481052	0	0	0	0.878660356	0	0.594271058	21.97233765	9.867078186
A7V14_41	E2_p24	6.202245845	10.80409075	0.456861859	0	0	0	0.836816316	0	0.698977849	20.41478767	13.5672046
A7V14_42	E2_p25	6.514909011	10.55008985	0.45826847	0	0	0	0.786572101	0	0.670068151	20.3847793	10.71381563
A7V14_43	E2_p26	5.836636248	9.042479718	0.445765076	0	0	0	0.81198099	0	0.703765329	20.33366519	11.63555785
A7V14_44	E2_p27	7.967928476	9.854724403	0.425115107	0	0	0	0.78664357	0	0.706508321	20.83579837	9.566914812
A7V15_1	E2_c1	0.071491627	0.019138644	0.02556697	0.240894101	7.854253919	11.01813533	0.318323922	0.724953965	0.550356311	1.712005841	0
A7V15_2	E2_c2	0.230434246	0.648161162	0.285574466	0.243018324	7.627650131	10.58645795	0.315124269	0.942128893	0.59976621	2.408021998	0
A7V15_3	E2_c3	0.465211438	13.44503736	4.927400049	0.229932372	0.401907279	2.016477767	4.176317406	3.015543353	1.522144479	9.844212003	4.497597151
A7V15_4	E2_c4	0.2731729	11.7089244	7.346448321	0.313358947	0	0	4.088237785	1.905306394	1.526866478	7.85099775	9.769384461
A7V15_5	E2_c5	0.070721875	16.34294122	9.077447291	0.288805207	0	0	3.662630197	1.835479574	1.200737593	5.209921075	13.29526069
A7V15_6	E2_c6	0.038933646	31.73870801	0.377980811	0.137076824	0	0	3.722330426	2.058170515	1.00670482	6.229264794	11.28129729
A7V15_7	E2_c7	0.0182022	43.38190941	0.097078399	0	0.037076522	0	3.901462158	3.288767412	0.883488202	7.967109901	9.059237252
A7V15_8	E2_c8	0	30.03214515	0.130646779	0	0.021006105	0	3.508453896	4.410522717	1.172337603	8.655915745	8.075176461
A7V15_9	E2_c9	0.067558744	28.00384992	1.511314118	0	0	0	3.525984493	5.301506477	1.396627838	9.793716854	8.951744756
A7V15_10	E2_c10	1.618103441	27.82881077	3.397803192	0	0	0	3.193721512	5.639131603	1.080521492	9.472387746	9.488486062
A7V15_11	E2_c11	8.75308354	18.39328619	3.55999558	0	0	0	2.941036879	4.567559043	0.316082353	12.27748157	9.726774599
A7V15_12	E2_c12	9.707130268	12.11376689	3.161141268	0	0	0	2.476415266	3.597947825	0.278679659	16.90105509	9.111035872
A7V15_13	E2_c13	14.7662852	12.78321177	4.266767773	0	0	0	2.216415144	2.84568718	0.380232522	17.15935017	10.60997953
A7V15_14	E2_c14	8.30109216	8.55713016	4.320641255	0	0	0	1.981398393	2.505101162	0.42640507	18.42609026	11.02802489
A7V15_15	E2_c15	9.444475669	13.02664182	9.211971599	0	0	0	1.70677766	1.948003886	0.43240029	16.69111895	11.80140016
A7V15_16	E2_c16	9.515961173	9.840416823	7.894853396	0	0	0	1.582508744	1.777177889	0.420098184	17.46872299	11.71615655
A7V15_17	E2_c17	12.2112973	11.11708274	7.454265241	0	0	0	1.518568386	1.360629239	0.462449862	17.60204251	14.05833651
A7V15_18	E2_p1	9.783836833	9.062824736	6.429643959	0	0	0	1.334237312	1.368618182	0.484185725	17.53053059	13.38686716
A7V15_19	E2_p2	10.02702342	10.19462924	7.754730963	0	0	0	1.178475099	1.200963251	0.442885417	16.78640567	17.33007126
A7V15_20	E2_p3	10.27021001	11.32643374	9.079817967	0	0	0	1.075536207	1.174277872	0.400664622	17.34304907	16.32184335
A7V15_21	E2_p4	0	17.1787081	4.473621901	0	0	0	1.079263222	1.092585184	0.418941571	19.1603272	17.96897573
A7V15_22	E2_p5	2.216132451	16.93397701	1.407958773	0	0	0.635567417	3.110338159	2.061096299	0.27048599	16.20629741	10.30726494
A7V15_23	E2_p6	3.15194227	25.53973793	1.297227941	0	0	0	3.467431991	0	0.421467506	17.18888978	11.31177766
A7V15_24	E2_p7	2.47426561	20.51710178	1.204961503	0	0	0	3.066016406	0	0.43455497	17.4079371	10.01468354
A7V15_25	E2_p8	0.653875033	18.28725588	0.495324107	0	0	0	2.898738577	0	0.604154777	16.71874716	14.24910662
A7V15_26	E2_p9	0.382411715	22.59142734	0.459045809	0	0	0	2.79422445	0	0.768852013	15.9942528	13.46606486
A7V15_27	E2_p10	0.258094775	18.13401057	0.323750463	0	0	0	2.634384786	0	1.010020068	15.05531933	13.48317091
A7V15_28	E2_p11	0.149909792	14.98526837	0.258177975	0	0	0	2.614819744	0	1.206098271	14.72078838	10.56399531
A7V15_29	E2_p12	0.345915401	24.62094045	0.684967401	0	0	0	2.53074353	0	1.515008257	14.46612572	15.3432598
A7V15_30	E2_p13	0.990917626	22.05542413	0.541751682	0	0	0	2.38683119	0	1.510124074	14.44666352	13.80932868
A7V15_31	E2_p14	1.990058051	17.75450191	0.594364005	0	0	0	2.313056476	0	0.833273248	15.45566149	13.22259306
A7V15_32	E2_p15	5.290985446	18.11372064	0.513975604	0	0	0	2.083714558	0	0.583169908	17.11832495	10.71305587
A7V15_33	E2_p16	7.761684457	17.89462929	0.646807038	0	0	0	1.668472066	1.400875092	0.420523996	14.50515631	15.69068713
A7V15_34	E2_p17	8.007239098	14.74747908	0.365167535	0	0	0	1.60971348	0	0.706517593	20.54359559	11.84539909
A7V15_35	E2_p18	7.277692541	15.91394985	0.309259196	0	0	0	1.368588995	0	0.654718355	21.12811977	11.48834295
A7V15_36	E2_p19	5.505625237	12.51251518	0.153757367	0	0	0	1.272878965	0	0.569401933	22.63402183	9.673069692
A7V15_37	E2_p20	7.699048437	14.97327438	0.302462617	0	0	0	1.187892183	0	0.626044076	23.90001	12.45611532
A7V15_38	E2_p21	11.29749087	13.3059337	0.343794123	0	0	0	1.059600871	0	0.590570937	23.76025984	10.93118463
A7V15_39	E2_p22	11.1424826	12.09225357	0.386383358	0	0	0	0.973938585	0	0.615231254	23.60993674	11.24278296
A7V15_40	E2_p23	6.583897591	11.01449185	0.232149746	0	0	0	0.912064244	0	0.590087369	23.73074511	9.430602024
A7V15_41	E2_p24	9.279538717	11.58320043	0.187465429	0	0	0	0.887117786	0	0.616812395	23.93466771	12.16589679
A7V15_42	E2_p25	11.77002421	11.80323768	0.249101042	0	0	0	0.816001579	0	0.696270636	23.83717112	10.59618261
A7V15_43	E2_p26	9.494033438	10.4312957	0.255288771	0	0	0	0.829861944	0	0.709629325	23.49858395	11.008386
A7V15_44	E2_p27	7.218042663	9.059353725	0.261476501	0	0	0	0.741617725	0	0.667203311	21.7204139	8.611403299
A7V16_1	E2_c1	0.054281276	0.011915809	0.016456854	0.248577252	8.022564349	11.1444309	0.331380137	0.745823628	0.552387598	1.759312217	0
A7V16_2	E2_c2	0.243809786	0.746420365	0.308983601	0.245693562	7.626632958	10.57569337	0.31244116	0.987324457	0.611083292	2.468539069	0
A7V16_3	E2_c3	0.316407545	12.48623273	6.271021752	0.232453579	0.120224177	1.498317402	4.381271741	3.009412893	1.492364769	10.33064933	5.133774482
A7V16_4	E2_c4	0.174206075	10.17166265	6.45165078	0.316936571	0	0	3.781607249	1.95437389	1.450469941	9.149358661	8.599801136
A7V16_5	E2_c5	0.056328477	14.23858733	7.60017196	0.293566568	0	0	3.512829198	1.656971581	1.162714343	7.732898149	10.89340065
A7V16_6	E2_c6	0	23.639	0	0.239040963	0	0	3.537132695	2.032415631	1.01714707	8.295600054	10.30416436
A7V16_7	E2_c7	0	34.51682949	0.04731596	0	0.037501483	0	3.508258808	2.740973161	0.892468487	9.522082173	8.044795311
A7V16_8	E2_c8	0	32.89006859	0.165417399	0	0.021188101	0	3.390637338	3.783848521	0.97035601	10.60315552	6.584977379
A7V16_9	E2_c9	0	32.41802888	0.097563053	0	0	0	3.463141938	5.025369948	1.094970159	12.14921512	7.400065416
A7V16_10	E2_c10	0	26.45277505	0.332362173	0	0	0	3.194013673	5.55858963	1.110664546	10.70026658	7.646421907
A7V16_11	E2_c11	0.092125804	24.43483417	0.667059065	0	0	0	2.960392697	5.810046604	1.109187284	10.06212091	8.271661749
A7V16_12	E2_c12	4.004529522	17.68494067	1.609630974	0	0	0	2.85717099	6.156001241	0	12.99585238	8.114897954
A7V16_13	E2_c13	6.269277173	13.2470739	1.730025066	0	0	0	2.492507677	5.29094079	0.211424019	17.79317463	8.077552199
A7V16_14	E2_c14	10.74526897	13.02213868	3.090207572	0	0	0	2.02423578	4.189793439	0.187083395	20.85898961	8.248923199
A7V16_15	E2_c15	10.93628852	8.859231005	4.015914624	0	0	0	1.686270634	3.198544031	0.199373388	20.27821361	9.213776892
A7V16_16	E2_c16	9.599786051	12.22922971	6.02098195	0	0	0	1.438580226	2.774028804	0.231182525	24.15189357	8.378953051
A7V16_17	E2_c17	6.796125788	9.26064636	6.267754595	0	0	0	1.529721707	2.592996596	0.328382233	23.65722422	10.81216897
A7V16_18	E2_p1	6.436661141	10.01231813	6.716487074	0	0	0	1.34075737	2.35989134	0.372689084	23.24114603	10.18652583
A7V16_19	E2_p2	7.887813581	10.28379143	6.992263475	0	0	0	1.133864641	1.951142325	0.285972381	22.321515	11.3772749
A7V16_20	E2_p3	5.48864389	8.947549373	4.876296649	0	0	0	1.116852394	2.002812319	0.251536415	24.10307352	11.62064013
A7V16_21	E2_p4	8.484046677	5.499480257	7.082663967	0	0	0	1.12261244	1.848109127	0.297010852	25.72568756	14.88993115
A7V16_22	E2_p5	5.551984	10.23640998	0.752335467	0	0	0.395226504	2.88975133	1.898040078	0.268078787	21.85922079	8.757580085
A7V16_23	E2_p6	9.134523354	18.79455587	0.731445572	0	0	0	3.023268867	0	0.38503556	23.55220066	7.414692832
A7V16_24	E2_p7	8.406500395	15.18869393	0.73022567	0	0	0	2.538386051	0	0.433949084	24.84011537	6.623985507
A7V16_25	E2_p8	4.966910072	18.01829605	0.390617684	0	0	0	2.226795182	0	0.510987286	24.37206401	11.65572223
A7V16_26	E2_p9	2.057442081	13.05627291	0.443658043	0	0	0	2.099628532	0	0.640799249	21.58082829	8.535586391
A7V16_27	E2_p10	1.177743091	15.23137421	0.294435773	0	0	0	2.107654318	0	0.726024782	20.14283729	11.53114849
A7V16_28	E2_p11	0.689766866	15.9543907	0.269396898	0	0	0	2.124975376	0	0.848921064	18.89131184	9.312788022
A7V16_29	E2_p12	0.589580735	20.46861668	0.454892032	0	0	0	2.199555889	0	0.96533353	17.97125605	14.4516075
A7V16_30	E2_p13	0.505184546	17.42757151	0.577507975	0	0	0	2.146356685	0	1.069411227	16.43682461	12.5160361
A7V16_31	E2_p14	0.409897706	16.10205949	0.63702717	0	0	0	2.06361483	0	1.30124105	15.41232117	13.13211383
A7V16_32	E2_p15	0.587490605	11.85632909	0.419113236	0	0	0	2.021558267	0	1.11162309	15.08199854	11.32568758
A7V16_33	E2_p16	2.862859286	14.89981589	0.528693863	0	0	0	1.63346302	1.374150514	0.393990857	14.08572983	15.61455695
A7V16_34	E2_p17	4.574312195	11.72882236	0.493508384	0	0	0	1.587106351	0	0.660575121	17.05051529	13.84348014
A7V16_35	E2_p18	6.838672354	14.22317403	0.524227966	0	0	0	1.469598918	0	0.63527429	18.41671313	13.77794064
A7V16_36	E2_p19	6.570977335	16.34674712	0.414155167	0	0	0	1.277888582	0	0.565928692	19.1765119	10.49112924
A7V16_37	E2_p20	5.133418949	10.56936421	0.240194777	0	0	0	1.14697277	0	0.648415005	20.20706523	12.18886226
A7V16_38	E2_p21	9.615593904	11.43581971	0.438928384	0	0	0	1.100617279	0	0.613152715	21.46514568	11.52456698
A7V16_39	E2_p22	10.1645256	11.09792172	0.516356143	0	0	0	1.040556927	0	0.613861748	22.02635042	11.40387288
A7V16_40	E2_p23	6.148110987	6.798088796	0.334487958	0	0	0	0.953619343	0	0.621996065	21.56529794	9.631248987
A7V16_41	E2_p24	5.945473483	11.36398582	0.33617094	0	0	0	0.906137069	0	0.659561992	21.2506769	11.83942759
A7V16_42	E2_p25	5.801464789	14.4904099	0.452779295	0	0	0	0.921252312	0	0.677410928	21.47160693	10.53860174
A7V16_43	E2_p26	0	19.81597	0	0	0	0	0.909013126	0	0.680015885	21.36746541	11.40161657
A7V16_44	E2_p27	0	16.08704	0	0	0	0	0.872056341	0	0.691722189	20.88825753	8.80122715
A7V17_1	E2_c1	0.070729879	0.017983802	0.026374271	0.247589013	8.033985031	11.21467202	0.33254077	0.739919715	0.565477342	1.806316171	0
A7V17_2	E2_c2	0.244416029	0.706371343	0.306309202	0.245249947	7.597414797	10.55135031	0.315359313	0.984865886	0.614451396	2.488808447	0
A7V17_3	E2_c3	0.475086752	15.92490794	7.199826617	0.230721028	0.144180964	1.530921775	4.375757439	2.983951669	1.460350098	10.17299824	5.370785578
A7V17_4	E2_c4	0.196981371	11.6404052	7.757882482	0.314357811	0	0	3.883563384	2.011434281	1.461528659	7.686900716	9.616313809
A7V17_5	E2_c5	0.061746191	10.72498846	5.275507928	0.286344241	0	0	3.657125921	1.752220249	1.177914528	5.198972631	12.8322968
A7V17_6	E2_c6	0.016383353	33.99327401	0.315834647	0.202201041	0	0	3.710475061	2.077708703	1.026965622	6.346772704	11.19057644
A7V17_7	E2_c7	0	49.52991221	0.105943099	0	0.029020203	0	3.813332604	2.935875282	0.921039881	8.007308087	9.521018789
A7V17_8	E2_c8	0	34.34498842	0.208636373	0	0	0	3.594412663	4.254733374	1.285194111	8.467438345	8.689090665
A7V17_9	E2_c9	0	26.77036198	1.088776063	0	0	0	3.45675995	5.220135795	1.390463047	9.482991316	9.8859224
A7V17_10	E2_c10	0	26.03801371	2.384809213	0	0	0	3.251610526	5.368850911	1.313601854	8.362651083	10.05283315
A7V17_11	E2_c11	0.137374061	20.71506095	3.997269366	0	0	0	2.991435893	5.029294899	1.964527365	8.307941867	10.43805823
A7V17_12	E2_c12	0.434303526	18.02496783	5.248977182	0	0	0	2.900294569	4.580506171	2.347991187	8.51470191	10.56171787
A7V17_13	E2_c13	2.108636204	17.02627888	5.992041213	0	0	0	2.764473673	4.009422769	0.584435848	11.70139989	12.00476002
A7V17_14	E2_c14	7.845766627	17.93558172	6.720941385	0	0	0	2.396699004	3.132193862	0.521648034	16.36355436	10.02242444
A7V17_15	E2_c15	10.20277338	12.2133199	4.157051048	0	0	0	2.062606089	2.689520144	0.513580876	17.55329326	8.855768067
A7V17_16	E2_c16	21.85489597	6.304103397	5.639161633	0	0	0	1.945310238	2.371220711	0.491057821	23.83314743	7.762686076
A7V17_17	E2_c17	18.40821031	5.473012742	4.297954049	0	0	0	1.618865185	1.97688924	0.507338136	25.77388195	9.413873559
A7V17_18	E2_p1	23.64454511	11.5633287	4.65650851	0	0	0	1.515564155	1.531515648	0.54267586	27.54242613	8.067433723
A7V17_19	E2_p2	20.33989872	11.90717108	3.378413212	0	0	0	1.269213367	1.373013288	0.456941981	27.36136377	7.692954584
A7V17_20	E2_p3	19.22386936	12.14645307	2.411941231	0	0	0	1.293273603	1.459539417	0.477938585	28.9108855	8.099712891
A7V17_21	E2_p4	16.073094	8.71284271	3.956571996	0	0	0	1.337600618	1.471099484	0.504567746	30.73077338	11.27925504
A7V17_22	E2_p5	7.563653096	9.600115491	0.865592792	0	0	0	1.36150158	6.364328023	0	22.7339885	7.156508638
A7V17_23	E2_p6	8.736642916	11.72628724	0.701626949	0	0	0	1.332796142	1.84068995	0.488557215	23.35152877	6.988500511
A7V17_24	E2_p7	8.613915807	10.25621437	0.482563643	0	0	0	1.456922119	0	0.56349273	24.28402874	6.421916409
A7V17_25	E2_p8	9.139935421	9.856078069	0.719634134	0	0	0	1.300601423	0	0.575555095	24.79630629	10.48205991
A7V17_26	E2_p9	7.577849758	9.115521772	0.499927588	0	0	0	1.187772256	0	0.607116582	24.27198827	8.258177185
A7V17_27	E2_p10	5.941637785	9.465877797	0.424402699	0	0	0	1.057697427	0	0.624871539	23.0619702	8.489757432
A7V17_28	E2_p11	5.92389271	11.29394593	0.32809135	0	0	0	1.015204586	0	0.643223477	23.26926979	7.600090883
A7V17_29	E2_p12	5.422435832	13.00410093	0.408364872	0	0	0	1.006661785	0	0.673949054	23.02788073	14.52883001
A7V17_30	E2_p13	8.802845979	10.88937732	0.729289716	0	0	0	0.941580978	0	0.675528205	22.11910008	11.05933575
A7V17_31	E2_p14	6.256888076	11.85237149	0.474006672	0	0	0	0.910518462	0	0.64827346	21.74836928	11.75337737
A7V17_32	E2_p15	7.345969414	11.67115825	0.286206601	0	0	0	0.884353724	0	0.641186323	21.94522029	9.28868154
A7V17_33	E2_p16	9.505492508	9.334881104	0.447908385	0	0	0	1.519638229	1.052981153	0.425946464	14.27604592	16.66371076
A7V17_34	E2_p17	10.66002859	10.12762537	0.591226801	0	0	0	0.867491092	0	0.685725973	23.74091818	11.10440771
A7V17_35	E2_p18	10.28752074	10.5590474	0.681236671	0	0	0	0.830261545	0	0.644451386	23.40162691	10.99099608
A7V17_36	E2_p19	10.24670002	12.25406947	0.528148726	0	0	0	0.807185152	0	0.630695198	23.41906291	9.620501208
A7V17_37	E2_p20	10.2058793	13.94909155	0.375060782	0	0	0	0.817387773	0	0.641234989	23.75933571	11.82548184
A7V17_38	E2_p21	8.420276318	12.64382731	0.29682095	0	0	0	0.805278881	0	0.648667868	23.59454415	10.62316368
A7V17_39	E2_p22	9.12258005	8.322215163	0.283023768	0	0	0	0.785941127	0	0.669870974	23.81607687	11.31426089
A7V17_40	E2_p23	9.210791152	8.020876418	0.24278407	0	0	0	0.769223004	0	0.648441773	23.92912676	8.956679052
A7V17_41	E2_p24	14.34570763	8.664926377	0.367648001	0	0	0	0.750756236	0	0.68410879	23.69147057	11.83436927
A7V17_42	E2_p25	9.927630345	9.625771483	0.301761988	0	0	0	0.721079363	0	0.72799064	22.98298298	10.07000259
A7V17_43	E2_p26	9.683401049	12.58097259	0.326918241	0	0	0	0.729395896	0	0.752193478	23.16756583	9.958554202
A7V17_44	E2_p27	10.27342672	10.1078602	0.336179798	0	0	0	0.741902268	0	0.734247577	23.54190705	8.353366555
A7V18_1	E2_c1	2.8045	0.373933333	0.810188889	0	0.309357843	0.389782505	0.10264784	3.388197204	2.787762568	10.50770426	3.018679838
A7V18_2	E2_c2	1.917240594	0.383448119	1.198275371	0	0	0.726509065	0.192396718	3.558077127	4.398279147	14.92204861	8.685671293
A7V18_3	E2_c3	1.576630205	0.69371729	0.762037932	0	0.033719602	0.906530288	0.792391522	0.099298065	3.695547639	12.12007156	10.8332107
A7V18_4	E2_c4	0.114141152	7.979734776	0.035933326	0	0.014059555	0.927980791	1.751470269	0	3.32247871	13.6193727	10.77924672
A7V18_5	E2_c5	0.073889703	17.45865892	0.032018871	0	0.034840526	0.383150254	2.418831292	0	3.646458547	14.8670457	11.77242369
A7V18_6	E2_c6	0	18.17408123	0.46425124	0	0	0	2.660420093	0	3.822054464	17.04158013	11.64050501
A7V18_7	E2_c7	0	15.33749695	0.193967914	0	0	0	2.604517145	0	3.632501043	14.18915769	11.54837305
A7V18_8	E2_c8	0	17.96976167	0.295306458	0	0	0	2.712813341	0	3.675121615	15.50963025	11.31454109
A7V18_9	E2_c9	0.127853366	18.78713894	0.264839116	0	0	0	2.95070772	0	3.890226844	15.72175235	12.59086542
A7V18_10	E2_c10	0.438323391	19.79506549	0.527258572	0	0	0	2.922364341	0	3.489726528	16.59720408	12.39316562
A7V18_11	E2_c11	2.25817769	18.60599452	1.068870773	0	0	0	2.763974486	0	2.010866445	16.25432917	11.64571859
A7V18_12	E2_c12	3.19529308	16.59059154	0.801557094	0	0	0	2.682620238	0	0.968866386	18.73689425	10.7333801
A7V18_13	E2_c13	2.355334625	15.83962535	0.508141637	0	0	0	2.485923061	0	1.049333878	20.00804835	12.70904598
A7V18_14	E2_c14	3.110547715	14.02258625	0.852156011	0	0	0	2.222874413	0	1.046914941	22.08502401	11.09850236
A7V18_15	E2_c15	2.562415132	12.35774673	0.4785598	0	0	0	1.992676904	0	0.999513804	22.68818193	12.72123335
A7V18_16	E2_c16	6.617851219	15.66504023	1.020950148	0	0	0	1.874560959	0	0.931774859	24.73142017	11.07061086
A7V18_17	E2_c17	6.928172562	14.09714137	1.495002006	0	0	0	1.725366476	0	1.033049216	24.89742669	12.62545234
A7V18_18	E2_p1	7.898040249	13.6548312	0.899159876	0	0	0	1.54648389	0	0.99723243	25.3375265	10.70366408
A7V18_19	E2_p2	8.867907936	13.21252104	0.303317747	0	0	0	1.295789486	0	0.819524185	23.43804487	14.1246863
A7V18_20	E2_p3	8.006364692	13.6245617	0.151882257	0	0	0	1.24867846	0	0.781812994	25.74728693	8.640693962
A7V18_21	E2_p4	7.840950033	11.02901653	0.113636957	0	0	0	1.204848747	0	0.796200475	28.87832286	14.64028758
A7V18_22	E2_p5	5.598105853	11.79651923	0.010422006	0	0	0	1.712343639	5.002331208	0.318717458	20.68050256	8.946697461
A7V18_23	E2_p6	6.024256127	14.49569522	0.013686706	0	0	0	1.409264121	1.025310835	0.600807365	22.27568355	8.458827823
A7V18_24	E2_p7	7.128722005	15.07192098	0.008876761	0	0	0	1.808244045	0	0.578226162	25.02561279	6.886700232
A7V18_25	E2_p8	6.700265642	12.12778676	0.054050849	0	0	0	1.536561885	0	0.661052717	26.87621888	11.43286864
A7V18_26	E2_p9	2.267292703	16.01309618	0.058275796	0	0	0	1.39939218	0	0.740074222	26.1136305	11.12740809
A7V18_27	E2_p10	0.582963929	16.38801291	0.113976922	0	0	0	1.411810903	0	0.929319356	22.01023651	13.37816439
A7V18_28	E2_p11	0.257920808	15.67605824	0.112840353	0	0	0	1.515156543	0	1.31132509	19.93338139	9.977355238
A7V18_29	E2_p12	0.167318655	20.48360612	0.166684873	0	0	0	1.711385163	0	1.482371146	18.81388588	15.36401673
A7V18_30	E2_p13	0.286207245	19.7963089	0.469318333	0	0	0	1.769526441	0	1.786619585	17.93643953	12.50015651
A7V18_31	E2_p14	0.605651799	20.08028771	0.46237933	0	0	0	1.788518157	0	1.895923122	16.3903101	13.23034315
A7V18_32	E2_p15	0.956316555	18.86112578	0.272763828	0	0	0	1.789139863	0	1.564199291	17.35766486	10.6901345
A7V18_33	E2_p16	4.131613767	19.91295366	0.290875107	0	0	0	1.47680791	1.273023184	0.476661382	15.3473633	16.48248586
A7V18_34	E2_p17	6.39357882	15.84928376	0.264447476	0	0	0	1.488730117	0	0.83216834	19.67483376	11.84959108
A7V18_35	E2_p18	7.367476196	14.62205969	0.220058971	0	0	0	1.273039497	0	0.744334917	20.02291861	1.293824957
A7V18_36	E2_p19	9.866444076	12.7425138	0.189056555	0	0	0	1.183295126	0	0.692463072	21.62311055	9.647779016
A7V18_37	E2_p20	12.36541196	10.86296792	0.158054138	0	0	0	1.128376728	0	0.749075722	23.33051679	11.99094657
A7V18_38	E2_p21	10.13790723	15.64182615	0.11001068	0	0	0	1.033827723	0	0.701988005	24.04622714	10.95924148
A7V18_39	E2_p22	10.70439286	13.05449366	0.19327376	0	0	0	0.944807472	0	0.690309989	23.8525618	10.7063733
A7V18_40	E2_p23	7.729470841	8.836479973	0.179603251	0	0	0	0.888962091	0	0.683731041	23.68939654	8.794223041
A7V18_41	E2_p24	12.38397417	12.79497069	0.227129657	0	0	0	0.914747569	0	0.747511082	24.94643998	11.15925822
A7V18_42	E2_p25	9.397307003	14.70918325	0.176858474	0	0	0	0.848514926	0	0.766458011	24.65646047	9.885918725
A7V18_43	E2_p26	10.02183422	14.06164337	0.063978878	0	0	0	0.846434379	0	0.767152691	24.60961688	10.18207017
A7V18_44	E2_p27	10.02183422	14.06164337	0.063978878	0	0	0	0.808354189	0	0.743588952	24.59393156	7.625320008
